-0.0957
-0.0957
-0.0957
-0.0953
-0.0950
-0.0944
-0.0933
-0.0917
-0.0895
-0.0864
-0.0824
-0.0772
-0.0709
-0.0633
-0.0544
-0.0444
-0.0332
-0.0211
-0.0083
0.0046
0.0176
0.0299
0.0410
0.0505
0.0579
0.0626
0.0647
0.0637
0.0597
0.0529
0.0435
0.0319
0.0190
0.0051
-0.0092
-0.0227
-0.0354
-0.0462
-0.0551
-0.0616
-0.0657
-0.0670
-0.0659
-0.0626
-0.0570
-0.0500
-0.0413
-0.0315
-0.0212
-0.0103
0.0008
0.0119
0.0229
0.0337
0.0440
0.0541
0.0638
0.0731
0.0822
0.0911
0.0998
0.1087
0.1172
0.1257
0.1343
0.1427
0.1509
0.1588
0.1662
0.1729
0.1788
0.1830
0.1859
00.1867
0.1850
0.1806
0.1730
0.1619
0.1475
0.1294
0.1077
0.0832
0.0559
0.0268
-0.0033
-0.0331
-0.0616
-0.0871
-0.1093
-0.1263
-0.1376
-0.1425
-0.1405
-0.1318
-0.1168
-0.0960
-0.0706
-0.0420
-0.0112
0.0203
0.0508
0.0790
0.1040
0.1246
0.1405
0.1510
0.1561
0.1560
0.1515
0.1425
0.1297
0.1139
0.0954
0.0754
0.0539
0.0317
0.0092
-0.0135
-0.0358
-0.0580
-0.0798
-0.1014
-0.1225
-0.1435
-0.1642
-0.1847
-0.2051
-0.2253
-0.2452
-0.2650
-0.2837
-0.3018
-0.3186
-0.3333
-0.3458
-0.3552
-0.3607
-0.3616
-0.3571
-0.3464
-0.3292
-0.3048
-0.2729
-0.2340
-0.1886
-0.1371
-0.0811
-0.0224
0.0423
0.0959
0.1505
0.1987
0.2379
0.2665
0.2828
0.2857
0.2751
0.2513
0.2152
0.1693
0.1150
0.0553
-0.0066
-0.0680
-0.1265
-0.1795
-0.2249
-0.2616
-0.2883
-0.3051
-0.3114
-0.3081
-0.2959
-0.2758
-0.2489
-0.2168
-0.1802
-0.1406
-0.0988
-0.0557
-0.0119
0.0322
0.0761
0.1198
0.1624
0.2050
0.2469
0.2879
0.3290
0.3710
0.4096
0.4491
0.4877
0.5252
0.5611
0.5942
0.6240
0.6495
0.6691
0.6815
0.6856
0.6794
0.6620
0.6321
0.5886
0.5314
0.4606
0.3766
0.2810
0.1772
0.0665
-0.0458
-0.1561
-0.2598
-0.3525
-0.4300
-0.4881
-0.5237
-0.5351
-0.5212
-0.4825
-0.4208
-0.3388
-0.2413
-0.1322
-0.0171
0.0993
0.2114
0.3147
0.4053
0.4793
0.5357
0.5727
0.5906
0.5899
0.5721
0.5387
0.4921
0.4343
0.3679
0.2951
0.2174
0.1368
0.0547
-0.0279
-0.1102
-0.1913
-0.2716
-0.3506
-0.4286
-0.5056
-0.5817
-0.6569
-0.7307
-0.8033
-0.8743
-0.9429
-1.0081
-1.0688
-1.1232
-1.1693
-1.2053
-1.2281
-1.2347
-1.2223
-1.1888
-1.1326
-1.0533
-0.9492
-0.8216
-0.6862
-0.5507
-0.4149
-0.2793
-0.1437
-0.0075
00.1288
0.2650
0.3918
0.5013
0.5880
0.6479
0.6772
0.6747
0.6404
0.5758
0.4840
0.3699
0.2385
0.1040
-0.0312
-0.1655
-0.2956
-0.4145
-0.5177
-0.6023
-0.6663
-0.7093
-0.7312
-0.7331
-0.7165
-0.6833
-0.6365
-0.5777
-0.5094
-0.4339
-0.3529
-0.2683
-0.1816
-0.0929
-0.0042
0.0851
0.1743
0.2632
0.3510
0.4384
0.5252
0.6104
0.6946
0.7767
0.8558
0.9310
1.0010
1.0636
1.1170
1.1588
1.1863
1.1974
1.1889
1.1587
1.1048
1.0261
0.9215
0.7934
0.6578
0.5229
0.3871
0.2524
0.1170
-0.0181
-0.1524
-0.2857
-0.4088
-0.5139
-0.5945
-0.6480
-0.6713
-0.6631
-0.6236
-0.5551
-0.4609
-0.3454
-0.2150
-0.0791
0.0570
0.1933
0.3230
0.4404
0.5416
0.6247
0.6875
0.7300
0.7523
0.7553
0.7408
0.7107
0.6669
0.6123
0.5484
0.4771
0.4015
0.3216
0.2392
0.1553
0.0706
-0.0144
-0.0987
-0.1828
-0.2665
-0.3495
-0.4318
-0.5129
-0.5922
-0.6694
-0.7433
-0.8126
-0.8763
-0.9321
-0.9784
-1.0128
-1.0330
-1.0366
-1.0217
-0.9860
-0.9284
-0.8479
-0.7450
-0.6203
-0.4847
-0.3492
-0.2135
-0.0778
0.0582
0.1949
0.3273
0.4459
0.5449
0.6187
0.6647
0.6796
0.6629
0.6157
0.5394
0.4387
0.3180
0.1845
0.0492
-0.0854
-0.2191
-0.3452
-0.4586
-0.5550
-0.6322
-0.6893
-0.7254
-0.7410
-0.7374
-0.7163
-0.6798
-0.6300
-0.5693
-0.4998
-0.4234
-0.3425
-0.2580
-0.1715
-0.0836
0.0048
0.0936
0.1822
0.2703
0.3578
0.4438
0.5289
0.6125
0.6940
0.7727
0.8475
0.9177
0.9809
1.0355
1.0799
1.1114
1.1274
1.1260
1.1046
1.0611
0.9946
0.9043
0.7898
0.6568
0.5218
0.3865
0.2512
0.1156
-0.0191
-0.1533
-0.2867
-0.4096
-0.5142
-0.5961
-0.6507
-0.6756
-0.6692
-0.6318
-0.5653
-0.4728
-0.3590
-0.2293
-0.0936
0.0425
0.1791
0.3096
0.4286
0.5319
0.6167
0.6816
0.7258
0.7490
0.7529
0.7384
0.7078
0.6630
0.6065
0.5403
0.4669
0.3874
0.3041
0.2183
0.1304
0.0420
-0.0466
-0.1344
-0.2216
-0.3083
-0.3940
-0.4785
-0.5615
-0.6426
-0.7206
-0.7950
-0.8647
-0.9280
-0.9833
-1.0286
-1.0616
-1.0803
-1.0821
-1.0650
-1.0273
-0.9671
-0.8841
-0.7783
-0.6510
-0.5152
-0.3796
-0.2441
-0.1084
0.0276
0.1646
0.2989
0.4215
0.5261
0.6072
0.6610
0.6850
0.6776
0.6388
0.5712
0.4771
0.3618
0.2310
0.0960
-0.0391
-0.1733
-0.3031
-0.4217
-0.5245
-0.6092
-0.6738
-0.7178
-0.7411
-0.7443
-0.7294
-0.6982
-0.6525
-0.5950
-0.5278
-0.4529
-0.3723
-0.2875
-0.2001
-0.1110
-0.0212
0.0691
0.1595
0.2494
0.3377
0.4253
0.5114
0.5959
0.6781
0.7570
0.8322
0.9025
0.9657
1.0211
1.0660
1.0985
1.1164
1.1171
1.0988
1.0593
0.9974
0.9123
0.8041
0.6745
0.5396
0.4044
0.2690
0.1339
-0.0015
-0.1357
-0.2696
-0.3943
-0.5022
-0.5881
-0.6479
-0.6785
-0.6780
-0.6468
-0.5861
-0.4986
-0.3892
-0.2626
-0.1269
0.0088
0.1453
0.2784
0.4008
0.5083
0.5985
0.6683
0.7178
0.7462
0.7545
0.7441
0.7167
0.6740
0.6118
0.5536
0.4799
0.4000
0.3153
0.2273
0.1375
0.0471
-0.0438
-0.1336
-0.2233
-0.3119
-0.3993
-0.4856
-0.5695
-0.6511
-0.7300
-0.8046
-0.8743
-0.9375
-0.9927
-1.0378
-1.0708
-1.0896
-1.0920
-1.0759
-1.0393
-0.9808
-0.9004
-0.7971
-0.6723
-0.5367
-0.4010
-0.2651
-0.1298
0.0061
0.1429
0.2785
0.4038
0.5119
0.5978
0.6610
0.6880
0.6875
0.6560
0.5945
0.5064
0.3961
0.2681
0.1331
-0.0022
-0.1365
-0.2685
-0.3906
-0.4984
-0.5886
-0.6594
-0.7092
-0.7383
-0.7470
-0.7369
-0.7095
-0.6671
-0.6117
-0.5456
-0.4710
-0.3904
-0.3049
-0.2161
-0.1254
-0.0338
0.0585
0.1510
0.2424
0.3326
0.4217
0.5092
0.5944
0.6771
0.7566
0.8319
0.9020
0.9675
1.0204
1.0655
1.0982
1.1163
1.1183
1.1013
1.0641
1.0050
0.9230
0.8185
0.6926
0.5570
0.4218
0.2866
0.1514
0.0161
-0.1181
-0.2527
-0.3789
-0.4898
-0.5797
-0.6443
-0.6803
-0.6860
-0.6608
-0.6060
-0.5241
-0.4187
-0.2953
-0.1605
-0.0249
0.1116
0.2463
0.3719
0.4838
0.5783
0.6539
0.7086
0.7422
0.7555
0.7491
0.7250
00.6855
0.6322
0.5677
0.4942
0.4137
0.3280
0.2387
0.1472
0.0547
-0.0384
-0.1307
-0.2223
-0.3127
-0.4017
-0.4889
-0.5740
-0.6565
-0.7357
-0.8106
-0.8802
-0.9434
-0.9981
-1.0429
-1.0758
-1.0948
-1.0976
-1.0822
-1.0470
-0.9905
-0.9121
-0.8117
-0.6895
-0.5544
-0.4188
-0.2829
-0.1473
-0.0116
0.1248
0.2612
0.3882
0.4995
0.5895
0.6541
00.6902
0.6957
0.6701
0.6149
0.5322
0.4259
0.3014
0.1665
0.0312
-0.1029
-0.2363
-0.3615
-0.4734
-0.5687
-0.6445
-0.6998
-0.7343
-0.7479
-0.7421
-0.7184
-0.6786
-0.6253
-0.5606
-0.4866
-0.4055
-0.3191
-0.2289
-0.1367
-0.0430
0.0513
0.1454
0.2389
0.3315
0.4215
0.5101
0.5964
0.6796
0.7594
0.8348
0.9044
0.9676
1.0224
1.0667
1.0993
1.1178
1.1199
1.1041
1.0682
1.0106
0.9316
0.8299
0.7069
0.5722
0.4368
0.3017
0.1662
0.0313
-0.1033
-0.2375
-0.3657
-0.4790
-0.5724
-0.6410
-0.6818
-0.6927
-0.6730
-0.6236
-0.5464
-0.4453
-0.3252
-0.1916
-0.0560
0.0804
0.2163
0.3445
0.4601
0.5590
0.6392
0.6990
0.7374
0.7549
0.7528
0.7321
0.6949
0.6436
0.5800
0.5067
0.4258
0.3387
0.2484
0.1552
0.0603
-0.0346
-0.1290
-0.2227
-0.3147
-0.4056
-0.4941
-0.5800
-0.6631
-0.7427
-0.8174
-0.8867
-0.9494
-1.0035
-1.0480
-1.0804
-1.0990
-1.1018
-1.0868
-1.0524
-0.9975
-0.9207
-0.8226
-0.7034
-0.5688
-0.4331
-0.2975
-0.1615
-0.0260
0.1102
0.2468
0.3755
0.4895
0.5825
0.6512
0.6919
0.7027
0.6826
0.6323
0.5548
0.4525
0.3309
0.1972
0.0621
-0.0726
-0.2066
-0.3344
-0.4499
-0.5493
-0.6299
-0.6901
-0.7292
-0.7475
-0.7457
-0.7254
-0.6883
-0.6368
-0.5731
-0.4996
-0.4181
-0.3308
-0.2393
-0.1453
-0.0496
0.0465
0.1427
0.2381
0.3323
0.4239
0.5136
0.6006
0.6847
0.7644
0.8395
0.9090
0.9714
1.0254
1.0693
1.1011
1.1191
1.1214
1.1056
1.0706
1.0148
0.9371
0.8384
0.7183
0.5837
0.4488
0.3136
0.1780
0.0431
-0.0916
-0.2261
-0.3551
-0.4703
-0.5663
-0.6386
-0.6833
-0.6987
-0.6838
-0.6391
-0.5664
-0.4690
-0.3513
-0.2197
-0.0840
0.0521
0.1887
0.3192
0.4375
0.5406
0.6250
0.6891
0.7320
0.7539
0.7551
0.7376
0.7028
0.6528
0.5903
0.5172
