-0.0957
-0.0957
-0.0957
-0.0958
-0.0957
-0.0956
-0.0956
-0.0956
-0.0955
-0.0955
-0.0954
-0.0954
-0.0954
-0.0952
-0.0951
-0.0952
-0.0949
-0.0948
-0.0947
-0.0946
-0.0944
-0.0943
-0.0941
-0.0939
-0.0938
-0.0935
-0.0933
-0.0931
-0.0928
-0.0926
-0.0923
-0.0919
-0.0917
-0.0914
-0.0910
-0.0908
-0.0903
-0.0900
-0.0896
-0.0892
-0.0888
-0.0885
-0.0879
-0.0875
-0.0872
-0.0866
-0.0862
-0.0857
-0.0852
-0.0849
-0.0843
-0.0837
-0.0834
-0.0828
-0.0822
-0.0819
-0.0813
-0.0808
-0.0804
-0.0798
-0.0792
-0.0788
-0.0781
-0.0776
-0.0772
-0.0766
-0.0761
-0.0756
-0.0750
-0.0744
-0.0739
-0.0733
-0.0728
-0.0722
-0.0716
-0.0711
-0.0705
-0.0698
-0.0693
-0.0686
-0.0679
-0.0673
-0.0666
-0.0660
-0.0654
-0.0646
-0.0639
-0.0633
-0.0625
-0.0618
-0.0611
-0.0603
-0.0595
-0.0587
-0.0579
-0.0571
-0.0564
-0.0555
-0.0547
-0.0539
-0.0529
-0.0521
-0.0512
-0.0503
-0.0495
-0.0485
-0.0476
-0.0467
-0.0458
-0.0448
-0.0439
-0.0430
-0.0419
-0.0411
-0.0400
-0.0391
-0.0382
-0.0372
-0.0362
-0.0354
-0.0343
-0.0333
-0.0324
-0.0313
-0.0303
-0.0294
-0.0282
-0.0273
-0.0263
-0.0252
-0.0243
-0.0233
-0.0221
-0.0213
-0.0201
-0.0191
-0.0181
-0.0170
-0.0159
-0.0149
-0.0138
-0.0127
-0.0117
-0.0105
-0.0095
-0.0084
-0.0073
-0.0062
-0.0051
-0.0038
-0.0027
-0.0016
-0.0003
0.0008
0.0020
0.0033
0.0044
0.0057
0.0069
00.0081
0.0094
0.0107
0.0119
0.0132
0.0146
0.0157
0.0172
0.0185
0.0197
0.0211
0.0224
0.0237
0.0251
0.0265
0.0277
0.0291
0.0304
0.0318
0.0332
0.0346
0.0359
0.0374
0.0386
0.0400
0.0415
0.0427
0.0442
0.0456
0.0470
0.0484
00.0499
0.0511
0.0526
0.0540
0.0554
0.0569
0.0583
0.0596
0.0612
0.0626
0.0640
0.0655
0.0670
0.0684
0.0699
0.0713
0.0728
0.0743
0.0757
0.0773
0.0788
0.0802
0.0819
0.0833
0.0848
0.0864
0.0880
0.0894
0.0911
0.0926
0.0941
00.0958
0.0973
0.0988
0.1005
0.1020
0.1036
0.1052
0.1068
0.1083
0.1100
0.1116
0.1132
0.1149
0.1164
0.1180
0.1197
0.1212
0.1229
0.1245
0.1261
0.1278
0.1295
0.1309
0.1327
0.1343
0.1359
0.1377
0.1392
0.1408
0.1426
0.1443
00.1458
0.1476
0.1493
0.1508
0.1526
0.1542
0.1559
0.1576
0.1593
0.1609
0.1627
0.1643
0.1660
0.1678
0.1694
0.1712
0.1729
0.1745
0.1764
0.1781
0.1797
0.1816
0.1832
0.1850
0.1868
0.1885
0.1901
0.1920
0.1937
0.1954
0.1972
00.1989
0.2007
0.2025
0.2041
0.2059
0.2077
0.2094
0.2111
0.2130
0.2146
0.2164
0.2182
0.2198
0.2216
0.2234
0.2250
0.2269
0.2286
0.2303
0.2321
0.2338
0.2355
0.2373
0.2390
0.2407
0.2425
0.2443
0.2460
0.2477
0.2494
0.2511
00.2530
0.2547
0.2565
0.2583
0.2600
0.2618
0.2636
0.2652
0.2672
0.2690
0.2706
0.2725
0.2742
0.2760
0.2778
0.2796
0.2813
0.2833
0.2850
0.2868
0.2886
0.2904
0.2922
0.2940
0.2958
0.2975
0.2994
0.3010
0.3029
0.3047
0.3064
00.3082
0.3101
0.3117
0.3135
0.3154
0.3169
0.3188
0.3204
0.3221
0.3240
0.3257
0.3273
0.3291
0.3309
0.3324
0.3342
0.3358
0.3375
0.3392
0.3409
0.3425
0.3443
0.3459
0.3476
0.3493
0.3509
0.3526
0.3543
0.3559
0.3576
0.3593
00.3609
0.3627
0.3644
0.3660
0.3678
0.3694
0.3710
0.3729
0.3745
0.3761
0.3780
0.3796
0.3813
0.3831
0.3848
0.3864
0.3882
0.3899
0.3916
0.3933
0.3949
0.3967
0.3984
0.4000
0.4017
0.4035
0.4050
0.4068
0.4085
0.4100
0.4118
00.4134
0.4149
0.4167
0.4182
0.4198
0.4215
0.4229
0.4245
0.4261
0.4276
0.4291
0.4308
0.4322
0.4337
0.4353
0.4367
0.4382
0.4398
0.4412
0.4426
0.4442
0.4455
0.4470
0.4485
0.4498
0.4514
0.4529
0.4542
0.4558
0.4572
0.4585
00.4601
0.4614
0.4629
0.4644
0.4658
0.4673
0.4688
0.4702
0.4717
0.4732
0.4745
0.4762
0.4776
0.4790
0.4804
0.4820
0.4833
0.4849
0.4864
0.4878
0.4893
0.4908
0.4921
0.4937
0.4951
0.4964
0.4979
0.4992
0.5007
0.5021
0.5034
00.5048
0.5062
0.5074
0.5088
0.5101
0.5113
0.5127
0.5140
0.5151
0.5164
0.5177
0.5188
0.5201
0.5213
0.5224
0.5236
0.5248
0.5258
0.5270
0.5282
0.5291
0.5305
0.5315
0.5325
0.5337
0.5346
0.5358
0.5369
0.5379
0.5390
0.5402
00.5411
0.5422
0.5433
0.5443
0.5454
0.5466
0.5475
0.5487
0.5498
0.5508
0.5520
0.5531
0.5541
0.5552
0.5563
0.5573
0.5585
0.5595
0.5606
0.5618
0.5627
0.5638
0.5650
0.5659
0.5670
0.5681
0.5690
0.5701
0.5711
0.5720
0.5730
00.5740
0.5748
0.5759
0.5768
0.5776
0.5786
0.5794
0.5802
0.5811
0.5819
0.5826
0.5835
0.5842
0.5850
0.5858
0.5864
0.5871
0.5879
0.5884
0.5891
0.5899
0.5904
0.5911
0.5918
0.5923
0.5930
0.5936
0.5941
0.5948
0.5954
0.5959
00.5966
0.5972
0.5977
0.5983
0.5989
0.5994
0.6002
0.6007
0.6013
0.6020
0.6025
0.6031
0.6038
0.6042
0.6049
0.6056
0.6060
0.6067
0.6074
0.6078
0.6085
0.6092
0.6096
0.6103
0.6108
0.6113
0.6119
0.6124
0.6129
0.6134
0.6139
00.6143
0.6150
0.6154
0.6157
0.6162
0.6166
0.6168
0.6173
0.6175
0.6179
0.6183
0.6185
0.6188
0.6191
0.6192
0.6194
0.6198
0.6198
0.6201
0.6202
0.6202
0.6205
0.6206
0.6206
0.6208
0.6209
0.6208
0.6211
0.6212
0.6211
0.6214
00.6213
0.6213
0.6215
0.6215
0.6215
0.6217
0.6217
0.6217
0.6219
0.6219
0.6220
0.6221
0.6221
0.6222
0.6223
0.6222
0.6225
0.6225
0.6225
0.6226
0.6227
0.6226
0.6229
0.6228
0.6228
0.6229
0.6229
0.6228
0.6229
0.6229
0.6227
00.6229
0.6227
0.6226
0.6226
0.6224
0.6223
0.6222
0.6219
0.6218
0.6217
0.6213
0.6212
0.6209
0.6206
0.6204
0.6201
0.6197
0.6194
0.6191
0.6186
0.6183
0.6179
0.6174
0.6171
0.6166
0.6162
0.6158
0.6153
0.6149
0.6145
0.6139
00.6135
0.6131
0.6124
0.6121
0.6117
0.6110
0.6106
0.6102
0.6096
0.6092
0.6088
0.6082
0.6078
0.6073
0.6068
0.6064
0.6059
0.6054
0.6051
0.6045
0.6039
0.6036
0.6030
0.6026
0.6021
0.6015
0.6011
0.6006
0.6000
0.5995
0.5990
00.5983
0.5978
0.5972
0.5966
0.5960
0.5954
0.5946
0.5941
0.5934
0.5926
0.5920
0.5912
0.5904
0.5897
0.5889
0.5880
0.5873
0.5864
0.5856
0.5849
0.5838
0.5830
0.5822
0.5811
0.5803
0.5794
0.5783
0.5775
0.5765
0.5755
0.5746
00.5737
0.5726
0.5717
0.5708
0.5697
0.5688
0.5678
0.5668
0.5659
0.5649
0.5639
0.5631
0.5619
0.5610
0.5601
0.5590
0.5580
0.5572
0.5560
0.5552
0.5543
0.5531
0.5523
0.5513
0.5503
0.5493
0.5484
0.5472
0.5464
0.5453
0.5442
00.5433
0.5422
0.5411
0.5401
0.5390
0.5379
0.5368
0.5356
0.5345
0.5335
0.5322
0.5310
0.5299
0.5286
0.5273
0.5263
0.5248
0.5237
0.5225
0.5211
0.5199
0.5186
0.5171
0.5159
0.5145
0.5131
0.5119
0.5104
0.5090
0.5077
0.5063
00.5048
0.5036
0.5021
0.5007
0.4994
0.4979
0.4965
0.4952
0.4937
0.4923
0.4910
0.4895
0.4882
0.4869
0.4854
0.4840
0.4827
0.4811
0.4798
0.4785
0.4771
0.4758
0.4743
0.4729
0.4716
0.4701
0.4687
0.4674
0.4659
0.4645
0.4632
00.4617
0.4603
0.4589
0.4574
0.4560
0.4545
0.4529
0.4516
0.4501
0.4485
0.4471
0.4456
0.4439
0.4425
0.4409
0.4392
0.4378
0.4361
0.4345
0.4330
0.4314
0.4297
0.4282
0.4265
0.4248
0.4232
0.4215
0.4199
0.4183
0.4165
0.4148
00.4132
0.4114
0.4099
0.4082
0.4064
0.4047
0.4031
0.4013
0.3997
0.3981
0.3962
0.3947
0.3929
0.3912
0.3897
0.3879
0.3862
0.3846
0.3828
0.3812
0.3796
0.3778
0.3763
0.3746
0.3728
0.3712
0.3696
0.3678
0.3662
0.3646
0.3628
00.3612
0.3596
0.3577
0.3562
0.3545
0.3526
0.3511
0.3493
0.3476
0.3460
0.3442
0.3423
0.3408
0.3389
0.3372
0.3355
0.3337
0.3320
0.3302
0.3284
0.3266
0.3250
0.3230
0.3214
0.3195
0.3177
0.3160
0.3142
0.3123
0.3105
0.3087
00.3068
0.3051
0.3033
0.3013
0.2997
0.2977
0.2959
0.2942
0.2922
0.2905
0.2887
0.2868
0.2851
0.2833
0.2814
0.2796
0.2779
0.2760
0.2743
0.2725
0.2706
0.2689
0.2672
0.2653
0.2635
0.2618
0.2598
0.2579
0.2564
0.2546
0.2529
00.2511
0.2492
0.2476
0.2457
0.2439
0.2423
0.2404
0.2387
0.2369
0.2350
0.2333
0.2316
0.2297
0.2280
0.2262
0.2243
0.2226
0.2209
0.2190
0.2173
0.2155
0.2136
0.2119
0.2101
0.2083
0.2066
0.2047
0.2030
0.2012
0.1994
0.1975
00.1958
0.1939
0.1922
0.1905
