-0.0957
-0.0956
-0.0957
-0.0955
-0.0954
-0.0951
-0.0947
-0.0940
-0.0931
-0.0918
-0.0901
-0.0879
-0.0851
-0.0819
-0.0779
-0.0731
-0.0677
-0.0615
-0.0545
-0.0470
-0.0386
-0.0298
-0.0204
-0.0106
-0.0008
0.0091
0.0190
0.0284
0.0374
0.0458
0.0531
0.0593
0.0647
0.0686
0.0712
0.0726
0.0725
0.0711
0.0685
0.0647
0.0598
0.0542
0.0475
0.0402
0.0326
0.0243
0.0160
0.0074
-0.0013
-0.0098
-0.0184
-0.0269
-0.0350
-0.0431
-0.0511
-0.0586
-0.0663
-0.0738
-0.0811
-0.0883
-0.0956
-0.1026
-0.1098
-0.1169
-0.1239
-0.1311
-0.1380
-0.1448
-0.1516
-0.1579
-0.1639
-0.1696
-0.1744
-0.1785
-0.1818
-0.1839
-0.1848
-0.1842
-0.1819
-0.1779
-0.1719
-0.1639
-0.1539
-0.1418
-0.1275
-0.1114
-0.0934
-0.0738
-0.0531
-0.0314
-0.0090
0.0136
0.0360
0.0580
0.0785
0.0977
0.1165
0.1302
0.1428
0.1529
0.1601
0.1645
0.1662
0.1650
0.1614
0.1553
0.1469
0.1368
0.1248
0.1115
0.0971
0.0817
0.0655
0.0489
0.0319
0.0147
-0.0024
-0.0196
-0.0365
-0.0535
-0.0703
-0.0871
-0.1035
-0.1201
-0.1364
-0.1527
-0.1691
-0.1853
-0.2014
-0.2176
-0.2333
-0.2488
-0.2640
-0.2783
-0.2921
-0.3046
-0.3159
-0.3262
-0.3333
-0.3387
-0.3417
-0.3415
-0.3380
-0.3310
-0.3202
-0.3054
-0.2866
-0.2636
-0.2366
-0.2061
-0.1720
-0.1350
-0.0957
-0.0545
-0.0123
0.0303
0.0725
00.1134
0.1520
0.1878
0.2200
0.2480
0.2716
0.2902
0.3036
0.3121
0.3151
0.3134
0.3070
0.2960
0.2813
0.2631
0.2416
0.2178
0.1918
0.1639
0.1350
0.1051
0.0741
0.0435
0.0123
-0.0189
-0.0498
-0.0806
-0.1114
-0.1418
-0.1723
-0.2024
-0.2325
-0.2626
-0.2925
-0.3222
-0.3517
-0.3808
-0.4094
-0.4373
-0.4641
-0.4896
-0.5135
-0.5350
-0.5539
-0.5696
-0.5813
-0.5888
-0.5912
-0.5880
-0.5786
-0.5628
-0.5400
-0.5103
-0.4734
-0.4295
-0.3790
-0.3223
-0.2601
-0.1931
-0.1232
-0.0506
0.0230
0.0966
0.1685
0.2369
0.3011
0.3597
0.4114
0.4556
0.4917
0.5189
0.5374
0.5472
0.5480
0.5408
0.5259
0.5038
0.4753
0.4414
0.4026
0.3598
0.3139
0.2653
0.2150
0.1631
0.1104
0.0572
0.0037
-0.0495
-0.1025
-0.1553
-0.2077
-0.2600
-0.3121
-0.3639
-0.4152
-0.4666
-0.5174
-0.5680
-0.6180
-0.6668
-0.7149
-0.7609
-0.8049
-0.8459
-0.8835
-0.9166
-0.9446
-0.9662
-0.9807
-0.9869
-0.9841
-0.9711
-0.9475
-0.9124
-0.8653
-0.8070
-0.7366
-0.6550
-0.5629
-0.4612
-0.3519
-0.2361
-0.1161
0.0062
0.1294
0.2499
0.3659
0.4751
0.5753
0.6648
0.7422
0.8062
0.8561
0.8912
0.9119
0.9181
0.9102
0.8894
0.8567
0.8127
0.7594
0.6975
0.6284
0.5541
0.4745
0.3921
0.3068
0.2197
0.1316
0.0428
-0.0458
-0.1342
-0.2218
-0.3092
-0.3963
-0.4827
-0.5688
-0.6544
-0.7398
-0.8242
-0.9078
-0.9905
-1.0717
-1.1510
-1.2275
-1.2458
-1.2458
-1.2458
-1.2458
-1.2458
-1.2458
-1.2458
-1.2458
-1.2458
-1.2458
-1.2458
-1.2458
-1.2458
-1.1867
-1.0979
-0.9925
-0.8715
-0.7372
-0.6020
-0.4662
-0.3306
-0.1949
-0.0593
0.0770
0.2135
0.3489
0.4771
0.5971
0.7060
0.8023
0.8848
0.9520
1.0035
1.0393
1.0591
1.0637
1.0539
1.0302
0.9944
0.9475
0.8909
0.8258
0.7540
0.6763
0.5940
0.5082
0.4198
0.3294
0.2377
0.1457
0.0529
-0.0396
-0.1317
-0.2238
-0.3154
-0.4068
-0.4976
-0.5882
-0.6781
-0.7673
-0.8551
-0.9414
-1.0257
-1.1064
-1.1837
-1.2458
-1.2458
-1.2458
-1.2458
-1.2458
-1.2458
-1.2458
-1.2458
-1.2458
-1.2458
-1.2458
-1.2399
-1.1621
-1.0672
-0.9555
-0.8287
-0.6931
-0.5574
-0.4218
-0.2856
-0.1504
-0.0148
0.1217
0.2584
0.3918
0.5179
0.6348
0.7401
0.8328
0.9113
0.9746
1.0226
1.0550
1.0719
1.0743
1.0627
1.0381
1.0019
0.9554
0.8994
0.8359
0.7659
0.6903
0.6108
0.5278
0.4423
0.3552
0.2665
0.1776
0.0881
-0.0017
-0.0908
-0.1797
-0.2686
-0.3574
-0.4452
-0.5329
-0.6198
-0.7057
-0.7901
-0.8727
-0.9529
-1.0298
-1.1024
-1.1698
-1.2308
-1.2458
-1.2458
-1.2458
-1.2458
-1.2458
-1.2458
-1.2458
-1.2458
-1.2458
-1.1801
-1.0906
-0.9849
-0.8631
-0.7290
-0.5935
-0.4577
-0.3222
-0.1863
-0.0508
0.0856
0.2223
0.3569
0.4852
0.6051
0.7138
0.8101
0.8930
0.9610
1.0136
1.0508
1.0728
1.0797
1.0727
1.0525
1.0202
0.9772
0.9246
0.8640
0.7964
0.7229
0.6451
0.5635
0.4789
0.3928
0.3052
0.2164
0.1272
0.0376
-0.0516
-0.1404
-0.2290
-0.3175
-0.4055
-0.4930
-0.5799
-0.6657
-0.7505
-0.8330
-0.9132
-0.9905
-1.0636
-1.1317
-1.1938
-1.2458
-1.2458
-1.2458
-1.2458
-1.2458
-1.2458
-1.2458
-1.2458
-1.2458
-1.1913
-1.1065
-1.0047
-0.8872
-0.7557
-0.6201
-0.4843
-0.3488
-0.2132
-0.0775
0.0587
0.1953
0.3312
0.4609
0.5824
0.6940
0.7928
0.8786
0.9500
1.0061
1.0469
1.0725
1.0828
1.0791
1.0621
1.0326
0.9922
0.9420
0.8831
0.8172
0.7451
0.6681
0.5872
0.5033
0.4172
0.3296
0.2405
0.1515
00.0617
-0.0279
-0.1172
-0.2063
-0.2949
-0.3834
-0.4712
-0.5584
-0.6446
-0.7293
-0.8125
-0.8930
-0.9706
-1.0445
-1.1132
-1.1763
-1.2321
-1.2458
-1.2458
-1.2458
-1.2458
-1.2458
-1.2458
-1.2458
-1.2458
-1.2005
-1.1191
-1.0214
-0.9072
-0.7792
-0.6437
-0.5080
-0.3723
-0.2365
-0.1010
0.0350
0.1717
0.3078
0.4390
0.5619
0.6754
0.7770
0.8655
0.9397
1.0036
1.0428
1.0715
1.0851
1.0842
1.0699
1.0430
1.0047
0.9564
0.8993
0.8345
0.7637
0.6874
0.6070
0.5234
0.4374
0.3496
0.2606
0.1709
0.0806
-0.0095
-0.0995
-0.1889
-0.2781
-0.3671
-0.4554
-0.5428
-0.6296
-0.7149
-0.7982
-0.8793
-0.9574
-1.0319
-1.1016
-1.1653
-1.2220
-1.2458
-1.2458
-1.2458
-1.2458
-1.2458
-1.2458
-1.2458
-1.2458
-1.2102
-1.1322
-1.0377
-0.9272
-0.8020
-0.6668
-0.5311
-0.3954
-0.2598
-0.1242
0.0115
0.1484
00.2845
0.4170
0.5418
0.6569
0.7608
0.8520
0.9290
0.9914
1.0385
1.0699
1.0867
1.0887
1.0770
1.0528
1.0167
0.9701
0.9149
0.8516
0.7815
0.7064
0.6265
0.5431
0.4571
0.3692
0.2802
0.1902
0.0986
0.0087
-0.0817
-0.1722
-0.2615
-0.3509
-0.4398
-0.5277
-0.6150
-0.7007
-0.7845
-0.8664
-0.9449
-1.0198
-1.0902
-1.1547
-1.2128
-1.2458
-1.2458
-1.2458
-1.2458
-1.2458
-1.2458
-1.2458
-1.2458
-1.2199
-1.1452
-1.0536
-0.9465
-0.8243
-0.6900
-0.5544
-0.4187
-0.2829
-0.1476
-0.0119
0.1247
0.2612
0.3949
0.5208
0.6379
0.7444
0.8380
0.9177
0.9830
1.0332
1.0678
1.0875
1.0926
1.0837
1.0619
1.0284
0.9839
0.9301
0.8684
00.7995
0.7252
0.6459
0.5629
0.4772
0.3894
0.2998
0.2093
0.1185
0.0272
-0.0639
-0.1542
-0.2447
-0.3345
-0.4241
-0.5126
-0.6000
-0.6862
-0.7706
-0.8528
-0.9321
-1.0076
-1.0787
-1.1442
-1.2029
-1.2458
-1.2458
-1.2458
-1.2458
-1.2458
-1.2458
-1.2458
-1.2458
-1.2290
-1.1574
-1.0692
-0.9650
-0.8459
-0.7135
-0.5778
-0.4423
-0.3067
-0.1709
-0.0354
0.1010
0.2377
0.3719
0.4995
0.6187
0.7272
00.8232
0.9059
0.9740
1.0272
1.0652
1.0877
1.0959
1.0899
1.0706
1.0395
0.9972
0.9451
0.8850
0.8174
0.7438
0.6654
0.5829
0.4972
0.4095
0.3199
0.2289
0.1378
0.0461
-0.0455
-0.1365
-0.2275
-0.3178
-0.4079
-0.4970
-0.5848
-0.6715
-0.7565
-0.8391
-0.9189
-0.9952
-1.0669
-1.1334
-1.1930
-1.2451
-1.2458
-1.2458
-1.2458
-1.2458
-1.2458
-1.2458
-1.2458
-1.2377
-1.1690
-1.0840
-0.9830
-0.8669
-0.7370
-0.6013
-0.4658
-0.3303
-0.1944
-0.0589
0.0773
0.2140
0.3491
0.4779
0.5988
0.7095
0.8083
0.8934
0.9644
1.0205
1.0617
1.0875
1.0984
1.0954
1.0788
1.0499
1.0101
0.9600
0.9011
0.8351
0.7624
0.6844
0.6028
0.5172
00.4296
0.3400
0.2490
0.1572
0.0649
-0.0271
-0.1187
-0.2101
-0.3010
-0.3914
-0.4810
-0.5700
-0.6569
-0.7423
-0.8256
-0.9058
-0.9827
-1.0552
-1.1225
-1.1831
-1.2363
-1.2458
-1.2458
-1.2458
-1.2458
-1.2458
-1.2458
-1.2458
-1.2458
-1.1802
-1.0983
-1.0005
-0.8874
-0.7604
-0.6250
-0.4894
-0.3538
-0.2181
-0.0824
0.0535
0.1902
0.3260
0.4561
0.5785
0.6913
0.7922
0.8801
0.9542
1.0134
1.0575
1.0865
1.1004
1.1002
1.0865
1.0600
1.0223
0.9744
0.9172
0.8524
0.7809
0.7039
0.6225
0.5376
0.4498
0.3603
0.2691
0.1769
0.0846
-0.0083
-0.1006
-0.1923
-0.2840
-0.3749
-0.4649
-0.5541
-0.6419
-0.7281
-0.8115
-0.8926
-0.9700
-1.0432
-1.1112
-1.1729
-1.2274
-1.2458
-1.2458
-1.2458
-1.2458
-1.2458
-1.2458
-1.2458
-1.2458
-1.1909
-1.1120
-1.0173
-0.9073
-0.7832
-0.6488
-0.5130
-0.3775
-0.2411
-0.1060
0.0302
0.1667
0.3025
0.4340
0.5579
0.6724
0.7760
0.8667
0.9433
1.0056
1.0526
1.0847
1.1019
1.1044
1.0935
1.0698
1.0342
0.9883
0.9329
0.8695
0.7993
0.7229
