-0.0957
-0.0957
-0.0957
-0.0957
-0.0955
-0.0955
-0.0954
-0.0952
-0.0949
-0.0946
-0.0941
-0.0936
-0.0928
-0.0919
-0.0908
-0.0895
-0.0879
-0.0862
-0.0841
-0.0817
-0.0793
-0.0762
-0.0730
-0.0696
-0.0657
-0.0616
-0.0573
-0.0525
-0.0477
-0.0425
-0.0370
-0.0315
-0.0259
-0.0199
-0.0139
-0.0079
-0.0017
0.0043
0.0105
0.0167
0.0226
0.0286
0.0345
0.0402
0.0458
0.0513
0.0566
0.0620
0.0670
0.0719
0.0768
0.0815
0.0860
0.0905
0.0949
0.0992
0.1036
0.1077
0.1119
0.1161
0.1203
0.1243
0.1285
0.1326
0.1367
00.1409
0.1449
0.1490
0.1531
0.1570
0.1609
0.1648
0.1684
0.1719
0.1752
0.1781
0.1808
0.1832
0.1850
0.1866
0.1876
0.1880
0.1880
0.1873
0.1858
0.1838
0.1810
0.1775
0.1732
0.1681
0.1623
0.1558
0.1484
0.1404
0.1319
0.1225
00.1126
0.1024
0.0913
0.0802
0.0686
0.0565
0.0445
0.0321
0.0196
0.0072
-0.0054
-0.0179
-0.0301
-0.0425
-0.0547
-0.0666
-0.0786
-0.0903
-0.1017
-0.1133
-0.1246
-0.1357
-0.1468
-0.1576
-0.1685
-0.1793
-0.1900
-0.2006
-0.2113
-0.2219
-0.2324
-0.2431
-0.2536
-0.2641
-0.2746
-0.2848
-0.2950
-0.3051
-0.3149
-0.3245
-0.3336
-0.3423
-0.3506
-0.3582
-0.3651
-0.3714
-0.3765
-0.3808
-0.3840
-0.3859
-0.3866
-0.3860
-0.3838
-0.3802
-0.3750
-0.3682
-0.3598
-0.3497
-0.3381
-0.3248
-0.3101
-0.2937
-0.2759
-0.2570
-0.2366
-0.2153
-0.1929
-0.1696
-0.1456
-0.1210
-0.0957
-0.0703
-0.0444
-0.0183
0.0076
0.0339
0.0602
0.0860
0.1117
0.1373
0.1625
0.1876
0.2123
0.2367
0.2610
00.2849
0.3085
0.3322
0.3557
0.3788
0.4022
0.4252
0.4482
0.4714
0.4942
0.5171
0.5400
0.5626
0.5851
0.6075
0.6292
0.6507
0.6717
0.6918
0.7111
0.7296
0.7465
0.7623
0.7763
0.7885
0.7988
0.8069
0.8123
0.8153
0.8155
0.8125
00.8067
0.7974
0.7848
0.7690
0.7497
0.7270
0.7010
0.6714
0.6389
0.6035
0.5649
0.5239
0.4804
0.4346
0.3870
0.3376
0.2868
0.2349
0.1820
0.1284
0.0745
0.0203
-0.0338
-0.0877
-0.1413
-0.1947
-0.2473
-0.2997
-0.3514
-0.4025
-0.4533
-0.5035
-0.5531
-0.6024
-0.6514
-0.6997
-0.7480
-0.7958
-0.8436
-0.8912
-0.9386
-0.9859
-1.0331
-1.0800
-1.1266
-1.1728
-1.2185
-1.2458
-1.2458
-1.2458
-1.2458
-1.2458
-1.2458
-1.2458
-1.2458
-1.2458
-1.2458
-1.2458
-1.2458
-1.2458
-1.2458
-1.2458
-1.2458
-1.2458
-1.2458
-1.2458
-1.2458
-1.2458
-1.2458
-1.2287
-1.1856
-1.1368
-1.0825
-1.0232
-0.9594
-0.8907
-0.8182
-0.7419
-0.6623
-0.5799
-0.4948
-0.4083
-0.3201
-0.2305
-0.1404
-0.0497
0.0413
0.1331
0.2239
0.3144
0.4044
0.4935
0.5820
0.6698
0.7568
0.8423
0.9278
1.0122
1.0964
1.1800
1.2545
1.2545
1.2545
1.2545
1.2545
1.2545
1.2545
1.2545
1.2545
1.2545
1.2545
1.2545
1.2545
1.2545
1.2545
1.2545
1.2545
1.2545
1.2545
1.2545
1.2545
1.2545
1.2545
1.2545
1.2545
1.2545
1.2545
1.2545
1.2545
1.2545
1.2545
1.2545
1.2545
1.2545
1.2545
1.2545
1.2545
1.2545
1.2313
1.1863
1.1358
1.0802
1.0205
0.9562
0.8883
0.8172
0.7428
00.6660
0.5871
0.5066
0.4246
0.3417
0.2577
0.1734
0.0887
0.0037
-0.0806
-0.1650
-0.2489
-0.3326
-0.4161
-0.4994
-0.5824
-0.6653
-0.7477
-0.8302
-0.9123
-0.9941
-1.0760
-1.1574
-1.2385
-1.2458
-1.2458
-1.2458
-1.2458
-1.2458
-1.2458
-1.2458
-1.2458
-1.2458
-1.2458
-1.2458
-1.2458
-1.2458
-1.2458
-1.2458
-1.2458
-1.2458
-1.2458
-1.2458
-1.2458
-1.2458
-1.2458
-1.2458
-1.2458
-1.2458
-1.2458
-1.2458
-1.2458
-1.2458
-1.2458
-1.2273
-1.1827
-1.1330
-1.0785
-1.0191
-0.9557
-0.8886
-0.8179
-0.7440
-0.6683
-0.5900
-0.5099
-0.4285
-0.3457
-0.2622
-0.1784
-0.0939
-0.0094
0.0757
0.1608
0.2458
0.3302
0.4147
0.4989
0.5826
0.6665
0.7495
0.8327
0.9157
0.9983
1.0809
1.1628
1.2443
1.2545
1.2545
1.2545
1.2545
1.2545
1.2545
1.2545
1.2545
1.2545
1.2545
1.2545
1.2545
1.2545
1.2545
1.2545
1.2545
1.2545
1.2545
1.2545
1.2545
1.2545
1.2545
1.2545
1.2545
1.2545
1.2545
1.2545
1.2545
1.2545
1.2545
1.2525
1.2106
1.1634
1.1110
1.0536
0.9928
0.9274
0.8586
0.7868
0.7121
0.6352
0.5565
0.4758
0.3897
0.3119
0.2285
0.1446
0.0608
-0.0232
-0.1068
-0.1899
-0.2733
-0.3560
-0.4387
-0.5212
-0.6033
-0.6854
-0.7667
-0.8481
-0.9291
-1.0100
-1.0905
-1.1710
-1.2458
-1.2458
-1.2458
-1.2458
-1.2458
-1.2458
-1.2458
-1.2458
-1.2458
-1.2458
-1.2458
-1.2458
-1.2458
-1.2458
-1.2458
-1.2458
-1.2458
-1.2458
-1.2458
-1.2458
-1.2458
-1.2458
-1.2458
-1.2458
-1.2458
-1.2458
-1.2458
-1.2458
-1.2458
-1.2458
-1.2375
-1.1948
-1.1467
-1.0935
-1.0361
-0.9741
-0.9085
-0.8393
-0.7669
-0.6919
-0.6145
-0.5355
-0.4547
-0.3730
-0.2901
-0.2067
-0.1229
-0.0387
0.0460
0.1305
0.2153
0.2997
0.3836
0.4676
0.5514
0.6341
0.7171
0.7996
0.8819
00.9642
1.0458
1.1270
1.2082
1.2545
1.2545
1.2545
1.2545
1.2545
1.2545
1.2545
1.2545
1.2545
1.2545
1.2545
1.2545
1.2545
1.2545
1.2545
1.2545
1.2545
1.2545
1.2545
1.2545
1.2545
1.2545
1.2545
1.2545
1.2545
1.2545
1.2545
1.2545
1.2545
1.2545
1.2545
1.2227
1.1770
1.1265
1.0714
1.0115
0.9478
0.8806
0.8098
0.7367
0.6608
0.5828
0.5037
0.4226
0.3407
0.2582
0.1749
0.0912
0.0077
-0.0755
-0.1585
-0.2413
-0.3242
-0.4063
-0.4884
-0.5701
-0.6516
-0.7327
-0.8137
-0.8941
-0.9745
-1.0546
-1.1339
-1.2128
-1.2458
-1.2458
-1.2458
-1.2458
-1.2458
-1.2458
-1.2458
-1.2458
-1.2458
-1.2458
-1.2458
-1.2458
-1.2458
-1.2458
-1.2458
-1.2458
-1.2458
-1.2458
-1.2458
-1.2458
-1.2458
-1.2458
-1.2458
-1.2458
-1.2458
-1.2458
-1.2458
-1.2458
-1.2458
-1.2458
-1.2070
-1.1611
-1.1098
-1.0538
-0.9937
-0.9295
-0.8617
-0.7909
-0.7171
-0.6411
-0.5628
-0.4832
-0.4022
-0.3200
-0.2371
-0.1538
-0.0701
0.0139
0.0982
0.1823
0.2663
0.3503
0.4338
0.5169
0.5998
0.6820
00.7642
0.8461
0.9275
1.0087
1.0894
1.1695
1.2495
1.2545
1.2545
1.2545
1.2545
1.2545
1.2545
1.2545
1.2545
1.2545
1.2545
1.2545
1.2545
1.2545
1.2545
1.2545
1.2545
1.2545
1.2545
1.2545
1.2545
1.2545
1.2545
1.2545
1.2545
1.2545
1.2545
1.2545
1.2545
1.2545
1.2545
1.2338
1.1902
1.1413
1.0877
1.0297
0.9676
0.9015
0.8326
0.7605
0.6858
0.6092
0.5306
0.4505
0.3693
0.2873
0.2047
0.1216
0.0383
-0.0449
-0.1274
-0.2101
-0.2922
-0.3744
-0.4561
-0.5375
-0.6186
-0.6995
-0.7801
-0.8599
-0.9396
-1.0189
-1.0977
-1.1760
-1.2458
-1.2458
-1.2458
-1.2458
-1.2458
-1.2458
-1.2458
-1.2458
-1.2458
-1.2458
-1.2458
-1.2458
-1.2458
-1.2458
-1.2458
-1.2458
-1.2458
-1.2458
-1.2458
-1.2458
-1.2458
-1.2458
-1.2458
-1.2458
-1.2458
-1.2458
-1.2458
-1.2458
-1.2458
-1.2458
-1.2191
-1.1748
-1.1253
-1.0711
-1.0124
-0.9500
-0.8837
-0.8142
-0.7419
-0.6670
-0.5899
-0.5109
-0.4310
-0.3495
-0.2675
-0.1847
-0.1014
-0.0181
0.0660
0.1500
0.2335
0.3170
0.4001
0.4829
0.5654
0.6475
0.7293
0.8105
0.8917
0.9721
1.0523
1.1320
1.2109
1.2545
1.2545
1.2545
1.2545
1.2545
1.2545
1.2545
1.2545
1.2545
1.2545
1.2545
1.2545
1.2545
1.2545
1.2545
1.2545
1.2545
1.2545
1.2545
1.2545
1.2545
1.2545
1.2545
1.2545
1.2545
1.2545
1.2545
1.2545
1.2545
1.2545
1.2448
1.2025
1.1555
1.1036
1.0472
0.9868
0.9224
0.8546
0.7839
0.7104
0.6347
0.5571
0.4779
0.3975
0.3160
0.2340
0.1513
0.0686
-0.0143
-0.0967
-0.1790
-0.2613
-0.3428
-0.4243
-0.5054
-0.5865
-0.6666
-0.7466
-0.8263
-0.9055
-0.9842
-1.0625
-1.1403
-1.2172
-1.2458
-1.2458
-1.2458
-1.2458
-1.2458
-1.2458
-1.2458
-1.2458
-1.2458
-1.2458
-1.2458
-1.2458
-1.2458
-1.2458
-1.2458
-1.2458
-1.2458
-1.2458
-1.2458
-1.2458
-1.2458
-1.2458
-1.2458
-1.2458
-1.2458
-1.2458
-1.2458
-1.2458
-1.2458
-1.2305
-1.1880
-1.1400
-1.0877
-1.0310
-0.9700
-0.9053
-0.8372
-0.7660
-0.6924
-0.6165
-0.5388
-0.4594
-0.3789
-0.2973
-0.2151
-0.1324
-0.0494
0.0338
0.1173
0.2011
0.2839
0.3667
0.4493
0.5317
0.6132
0.6947
0.7755
0.8560
0.9362
1.0157
1.0947
1.1733
1.2510
1.2545
1.2545
1.2545
1.2545
1.2545
1.2545
1.2545
1.2545
1.2545
1.2545
1.2545
1.2545
1.2545
1.2545
1.2545
1.2545
1.2545
1.2545
1.2545
1.2545
1.2545
1.2545
1.2545
1.2545
1.2545
1.2545
1.2545
1.2545
1.2545
1.2545
1.2147
1.1693
1.1190
1.0644
1.0052
0.9425
0.8762
0.8066
0.7344
0.6600
0.5832
0.5049
00.4254
0.3444
0.2631
0.1810
0.0986
0.0159
