-0.0957
-0.0956
-0.0955
-0.0954
-0.0950
-0.0945
-0.0936
-0.0920
-0.0900
-0.0873
-0.0836
-0.0789
-0.0732
-0.0662
-0.0581
-0.0488
-0.0383
-0.0270
-0.0150
-0.0024
0.0103
0.0226
0.0343
0.0445
0.0532
0.0598
0.0639
0.0654
0.0642
0.0601
0.0534
0.0445
0.0335
0.0211
0.0078
-0.0058
-0.0191
-0.0316
-0.0430
-0.0524
-0.0601
-0.0657
-0.0690
-0.0701
-0.0693
-0.0664
-0.0619
-0.0560
-0.0488
-0.0408
-0.0320
-0.0227
-0.0133
-0.0036
0.0062
0.0159
0.0256
00.0352
0.0445
0.0539
0.0631
0.0723
0.0815
0.0907
0.0997
0.1088
0.1178
0.1264
0.1348
0.1426
0.1496
0.1559
0.1607
0.1639
0.1654
0.1645
0.1611
0.1549
0.1455
0.1329
0.1173
0.0984
0.0769
0.0530
0.0274
0.0009
-0.0255
-0.0508
-0.0743
-0.0946
-0.1112
-0.1229
-0.1295
-0.1304
-0.1257
-0.1153
-0.1002
-0.0804
-0.0574
-0.0321
-0.0051
0.0219
0.0483
0.0729
0.0950
0.1139
0.1292
0.1405
0.1481
0.1519
0.1520
0.1490
0.1430
0.1346
0.1242
0.1122
0.0987
0.0845
0.0696
0.0541
0.0385
0.0228
0.0068
-0.0088
-0.0246
-0.0404
-0.0560
-0.0717
-0.0873
-0.1027
-0.1179
-0.1328
-0.1470
-0.1607
-0.1732
-0.1842
-0.1937
-0.2007
-0.2051
-0.2064
-0.2040
-0.1976
-0.1870
-0.1719
-0.1525
-0.1288
-0.1011
-0.0703
-0.0371
-0.0026
0.0322
0.0658
0.0969
0.1239
0.1458
0.1617
0.1705
0.1719
0.1660
0.1529
0.1333
0.1081
0.0753
0.0452
0.0104
-0.0247
-0.0586
-0.0905
-0.1195
-0.1445
-0.1653
-0.1814
-0.1928
-0.1996
-0.2020
-0.2004
-0.1953
-0.1872
-0.1764
-0.1636
-0.1491
-0.1333
-0.1168
-0.0994
-0.0817
-0.0638
-0.0455
-0.0273
-0.0092
0.0093
0.0277
0.0461
0.0645
0.0827
0.1005
0.1181
00.1350
0.1510
0.1660
0.1792
0.1903
0.1992
0.2049
0.2071
0.2054
0.1993
0.1886
0.1731
0.1528
0.1282
0.0996
0.0676
0.0333
-0.0021
-0.0374
-0.0711
-0.1018
-0.1285
-0.1497
-0.1645
-0.1724
-0.1728
-0.1656
-0.1517
-0.1311
-0.1052
-0.0750
-0.0417
-0.0068
0.0286
0.0629
0.0951
0.1243
0.1499
0.1711
0.1878
0.2001
0.2078
0.2114
0.2113
0.2075
0.2010
0.1921
0.1809
0.1680
0.1544
0.1394
0.1241
0.1082
0.0918
0.0754
0.0587
0.0421
0.0254
0.0087
-0.0081
-0.0247
-0.0413
-0.0578
-0.0736
-0.0893
-0.1042
-0.1180
-0.1306
-0.1415
-0.1501
-0.1564
-0.1596
-0.1595
-0.1558
-0.1482
-0.1365
-0.1209
-0.1016
-0.0791
-0.0538
-0.0263
0.0019
0.0303
0.0575
0.0824
0.1038
0.1210
0.1329
0.1392
0.1397
0.1342
0.1231
0.1070
0.0863
0.0624
0.0363
00.0085
-0.0194
-0.0465
-0.0721
-0.0955
-0.1162
-0.1339
-0.1481
-0.1591
-0.1669
-0.1713
-0.1732
-0.1724
-0.1693
-0.1644
-0.1580
-0.1502
-0.1416
-0.1322
-0.1222
-0.1118
-0.1011
-0.0902
-0.0791
-0.0680
-0.0565
-0.0452
-0.0335
-0.0217
-0.0101
0.0018
0.0139
0.0255
0.0372
0.0484
0.0588
0.0686
0.0772
0.0843
0.0897
0.0933
0.0944
0.0931
0.0891
0.0823
0.0732
0.0613
0.0473
0.0317
0.0149
-0.0025
-0.0197
-0.0362
-0.0510
-0.0636
-0.0738
-0.0806
-0.0840
-0.0841
-0.0805
-0.0738
-0.0642
-0.0519
-0.0379
-0.0225
-0.0062
0.0105
0.0266
0.0422
0.0565
0.0694
0.0810
0.0905
0.0985
0.1049
0.1096
0.1128
0.1149
0.1157
0.1156
0.1148
0.1131
0.1111
0.1087
0.1057
0.1026
0.0994
0.0957
0.0921
0.0881
0.0839
0.0796
0.0747
0.0694
0.0639
0.0577
0.0510
0.0439
0.0360
0.0278
0.0192
0.0101
0.0008
-0.0083
-0.0173
-0.0258
-0.0336
-0.0405
-0.0459
-0.0498
-0.0520
-0.0523
-0.0506
-0.0470
-0.0414
-0.0342
-0.0257
-0.0158
-0.0055
0.0052
0.0158
0.0255
0.0343
0.0420
0.0476
0.0516
0.0538
0.0539
0.0522
0.0490
0.0440
0.0378
0.0307
0.0227
0.0143
0.0056
-0.0033
-0.0121
-0.0206
-0.0290
-0.0369
-0.0444
-0.0516
-0.0583
-0.0647
-0.0709
-0.0766
-0.0822
-0.0874
-0.0924
-0.0972
-0.1018
-0.1060
-0.1100
-0.1136
-0.1166
-0.1191
-0.1207
-0.1214
-0.1211
-0.1192
-0.1160
-0.1112
-0.1045
-0.0960
-0.0857
-0.0733
-0.0593
-0.0437
-0.0269
-0.0094
0.0085
0.0263
0.0430
00.0583
0.0715
0.0817
0.0890
0.0926
0.0924
0.0884
0.0809
0.0698
0.0560
0.0398
0.0219
0.0033
-0.0154
-0.0335
-0.0503
-0.0653
-0.0782
-0.0884
-0.0958
-0.1005
-0.1023
-0.1016
-0.0985
-0.0931
-0.0860
-0.0773
-0.0673
-0.0565
-0.0448
-0.0325
-0.0202
-0.0076
0.0052
0.0178
0.0305
0.0430
0.0554
0.0677
0.0797
0.0915
0.1031
0.1145
0.1252
00.1356
0.1451
0.1536
0.1610
0.1670
0.1710
0.1732
0.1728
0.1697
0.1638
0.1545
0.1420
0.1263
0.1072
0.0855
0.0611
0.0349
0.0076
-0.0197
-0.0465
-0.0713
-0.0936
-0.1122
-0.1262
-0.1352
-0.1387
-0.1364
-0.1285
-0.1153
-0.0972
-0.0753
-0.0504
-0.0233
0.0044
0.0323
0.0592
0.0838
0.1059
0.1247
0.1396
0.1507
0.1581
0.1614
0.1614
0.1581
0.1517
0.1431
0.1322
0.1196
0.1057
0.0908
0.0750
0.0588
0.0422
0.0253
0.0085
-0.0085
-0.0253
-0.0420
-0.0587
-0.0752
-0.0912
-0.1071
-0.1223
-0.1368
-0.1507
-0.1632
-0.1741
-0.1834
-0.1904
-0.1946
-0.1961
-0.1939
-0.1881
-0.1783
-0.1644
-0.1465
-0.1247
-0.0992
-0.0709
-0.0401
-0.0081
0.0243
0.0559
0.0856
0.1119
0.1337
0.1504
0.1608
0.1647
0.1619
0.1524
0.1367
0.1156
0.0897
0.0605
0.0289
-0.0038
-0.0360
-0.0671
-0.0961
-0.1218
-0.1441
-0.1624
-0.1762
-0.1858
-0.1913
-0.1928
-0.1907
-0.1853
-0.1772
-0.1666
-0.1542
-0.1400
-0.1247
-0.1084
-0.0912
-0.0738
-0.0558
-0.0376
-0.0195
-0.0011
0.0174
0.0358
0.0542
0.0724
0.0899
0.1073
0.1238
0.1392
0.1536
0.1664
0.1771
0.1855
0.1909
0.1932
0.1919
0.1866
0.1770
00.1632
0.1450
0.1229
0.0971
0.0682
0.0371
0.0047
-0.0277
-0.0588
-0.0877
-0.1134
-0.1345
-0.1501
-0.1598
-0.1628
-0.1592
-0.1492
-0.1331
-0.1118
-0.0861
-0.0570
-0.0259
0.0062
0.0383
0.0691
0.1005
0.1236
0.1459
0.1644
0.1788
0.1891
0.1955
0.1982
0.1974
0.1934
0.1869
0.1781
0.1673
0.1551
0.1415
0.1270
0.1118
0.0957
0.0794
0.0629
0.0459
0.0290
0.0118
-0.0053
-0.0224
-0.0393
-0.0559
-0.0721
-0.0879
-0.1029
-0.1167
-0.1292
-0.1399
-0.1485
-0.1547
-0.1579
-0.1578
-0.1544
-0.1472
-0.1361
-0.1214
-0.1019
-0.0814
-0.0573
-0.0311
-0.0038
0.0237
0.0506
0.0752
0.0971
0.1151
0.1284
0.1366
0.1394
0.1363
0.1280
0.1146
0.0967
0.0752
0.0509
0.0247
-0.0024
-0.0290
-0.0549
-0.0790
-0.1009
-0.1202
-0.1364
-0.1495
-0.1595
-0.1660
-0.1699
-0.1710
-0.1695
-0.1661
-0.1607
-0.1536
-0.1454
-0.1360
-0.1257
-0.1148
-0.1032
-0.0911
-0.0789
-0.0662
-0.0532
-0.0401
-0.0268
-0.0131
0.0004
0.0141
0.0276
0.0409
0.0538
0.0662
0.0774
0.0877
0.0968
0.1036
0.1087
0.1113
0.1112
0.1085
0.1026
0.0939
0.0823
0.0680
0.0515
0.0334
0.0139
-0.0061
-0.0257
-0.0443
-0.0611
-0.0754
-0.0868
-0.0947
-0.0987
-0.0989
-0.0951
-0.0876
-0.0769
-0.0632
-0.0472
-0.0297
-0.0110
0.0080
0.0267
0.0450
0.0618
0.0771
0.0907
0.1022
0.1118
0.1194
0.1250
0.1287
0.1308
0.1313
0.1305
0.1286
0.1255
0.1217
00.1172
0.1119
0.1063
0.1001
0.0935
0.0865
0.0792
0.0714
0.0634
0.0549
0.0461
0.0369
0.0274
0.0176
0.0077
-0.0024
-0.0124
-0.0220
-0.0315
-0.0401
-0.0479
-0.0547
-0.0600
-0.0636
-0.0656
-0.0655
-0.0633
-0.0591
-0.0527
-0.0445
-0.0347
-0.0236
-0.0114
0.0011
0.0137
0.0257
0.0367
0.0464
0.0541
0.0596
0.0631
0.0641
0.0626
0.0591
0.0533
0.0459
0.0370
0.0269
0.0161
0.0050
-0.0065
-0.0176
-0.0282
-0.0385
-0.0479
-0.0565
-0.0644
-0.0713
-0.0773
-0.0826
-0.0869
-0.0907
-0.0938
-0.0962
-0.0981
-0.0995
-0.1004
-0.1009
-0.1009
-0.1004
-0.0995
-0.0980
-0.0958
-0.0931
-0.0896
-0.0852
-0.0802
-0.0740
-0.0670
-0.0590
-0.0500
-0.0400
-0.0295
-0.0181
-0.0064
0.0055
0.0174
0.0287
0.0391
0.0484
0.0562
0.0619
0.0656
0.0668
0.0656
0.0620
0.0558
0.0475
0.0375
0.0258
0.0132
0.0002
-0.0130
-0.0255
-0.0370
-0.0473
-0.0557
-0.0624
-0.0668
-0.0690
-0.0692
-0.0675
-0.0637
-0.0584
-0.0517
-0.0437
-0.0349
-0.0255
-0.0154
-0.0052
0.0050
0.0154
0.0254
0.0353
0.0450
0.0541
0.0630
0.0716
0.0796
0.0873
0.0947
0.1015
0.1078
0.1137
0.1188
0.1233
0.1270
0.1294
0.1310
0.1311
0.1297
0.1268
0.1219
0.1151
0.1064
0.0956
0.0828
0.0684
0.0519
0.0343
0.0158
-0.0032
-0.0221
-0.0400
-0.0568
-0.0714
-0.0835
-0.0927
-0.0982
-0.1000
-0.0979
-0.0919
-0.0823
-0.0696
-0.0540
-0.0364
-0.0175
0.0024
0.0221
0.0411
0.0588
0.0745
0.0876
0.0982
0.1058
0.1106
0.1126
0.1116
0.1083
0.1027
0.0949
0.0857
0.0751
