-0.0956
-0.0956
-0.0956
-0.0955
-0.0952
-0.0948
-0.0939
-0.0928
-0.0912
-0.0890
-0.0863
-0.0825
-0.0779
-0.0724
-0.0657
-0.0581
-0.0495
-0.0398
-0.0294
-0.0184
-0.0067
0.0050
0.0167
0.0280
0.0385
0.0476
0.0556
0.0615
0.0654
0.0673
0.0667
0.0639
0.0591
0.0521
0.0433
0.0333
00.0219
0.0101
-0.0021
-0.0143
-0.0259
-0.0369
-0.0470
-0.0558
-0.0634
-0.0697
-0.0744
-0.0780
-0.0803
-0.0813
-0.0812
-0.0804
-0.0785
-0.0762
-0.0733
-0.0699
-0.0663
-0.0625
-0.0583
-0.0541
-0.0500
-0.0456
-0.0414
-0.0371
-0.0327
-0.0284
-0.0240
-0.0195
-0.0151
-0.0106
-0.0060
-0.0015
0.0032
0.0078
0.0123
0.0168
0.0210
0.0250
0.0287
0.0317
0.0342
0.0360
0.0370
0.0371
0.0364
0.0347
00.0320
0.0285
0.0239
0.0187
0.0131
0.0067
0.0003
-0.0060
-0.0123
-0.0179
-0.0231
-0.0276
-0.0309
-0.0334
-0.0348
-0.0351
-0.0343
-0.0325
-0.0298
-0.0264
-0.0222
-0.0176
-0.0125
-0.0072
-0.0018
0.0037
0.0091
0.0145
0.0196
0.0247
0.0295
0.0340
0.0384
0.0426
0.0465
0.0505
0.0543
0.0579
0.0616
0.0652
0.0688
0.0723
0.0758
0.0792
0.0825
0.0856
0.0884
0.0910
0.0930
0.0945
0.0952
0.0951
00.0940
0.0918
0.0883
0.0836
0.0775
0.0698
0.0609
0.0507
0.0391
0.0268
0.0136
0.0000
-0.0132
-0.0263
-0.0385
-0.0494
-0.0587
-0.0663
-0.0714
-0.0742
-0.0745
-0.0722
-0.0676
-0.0607
-0.0519
-0.0414
-0.0295
-0.0167
-0.0036
0.0099
0.0232
0.0356
0.0475
0.0583
0.0679
0.0763
0.0834
0.0891
0.0939
0.0973
0.0997
0.1013
0.1020
0.1020
0.1016
0.1007
0.0995
0.0981
0.0964
0.0946
0.0928
0.0908
0.0887
0.0867
0.0844
0.0821
0.0796
0.0767
0.0736
0.0703
0.0663
0.0619
0.0570
0.0514
0.0455
0.0388
0.0314
0.0237
0.0155
0.0070
-0.0016
-0.0102
-0.0185
-0.0261
-0.0333
-0.0394
-0.0444
-0.0480
-0.0501
-0.0505
-0.0494
-0.0466
-0.0422
-0.0364
-0.0294
-0.0213
-0.0126
-0.0035
0.0060
0.0150
0.0238
0.0320
0.0391
0.0453
0.0504
0.0542
0.0570
0.0585
0.0589
0.0584
0.0568
0.0546
0.0517
0.0481
0.0441
0.0399
0.0351
0.0304
0.0254
0.0203
0.0152
0.0101
0.0049
-0.0003
-0.0052
-0.0105
-0.0155
-0.0205
-0.0256
-0.0305
-0.0354
-0.0402
-0.0446
-0.0488
-0.0528
-0.0560
-0.0589
-0.0610
-0.0623
-0.0628
-0.0622
-0.0604
-0.0575
-0.0533
-0.0479
-0.0416
-0.0340
-0.0255
-0.0164
-0.0066
0.0034
0.0131
0.0228
0.0315
0.0392
0.0457
0.0507
0.0539
0.0555
0.0552
0.0531
0.0495
0.0442
0.0377
0.0301
00.0217
0.0125
0.0033
-0.0062
-0.0154
-0.0243
-0.0327
-0.0405
-0.0477
-0.0543
-0.0601
-0.0652
-0.0698
-0.0735
-0.0768
-0.0798
-0.0822
-0.0843
-0.0863
-0.0877
-0.0892
-0.0906
-0.0916
-0.0927
-0.0936
-0.0942
-0.0949
-0.0951
-0.0950
-0.0947
-0.0938
-0.0922
-0.0901
-0.0871
-0.0833
-0.0786
-0.0728
-0.0659
-0.0581
-0.0491
-0.0392
-0.0287
-0.0172
-0.0054
0.0065
0.0183
0.0296
0.0400
0.0495
0.0572
0.0632
0.0673
0.0692
0.0687
0.0662
0.0613
0.0546
0.0460
0.0359
0.0247
0.0128
0.0005
-0.0118
-0.0237
-0.0351
-0.0455
-0.0547
-0.0629
-0.0696
-0.0757
-0.0792
-0.0819
-0.0835
-0.0840
-0.0833
-0.0821
-0.0799
-0.0771
-0.0739
-0.0702
-0.0661
-0.0620
-0.0576
-0.0530
-0.0484
-0.0436
-0.0387
-0.0338
-0.0289
-0.0238
-0.0189
-0.0136
-0.0084
-0.0032
0.0021
0.0075
0.0127
0.0179
0.0229
0.0275
0.0318
0.0356
0.0388
0.0413
0.0429
0.0436
0.0434
0.0420
0.0395
0.0362
0.0312
0.0262
0.0200
0.0131
0.0059
-0.0014
-0.0088
-0.0158
-0.0222
-0.0281
-0.0328
-0.0367
-0.0393
-0.0408
-0.0409
-0.0400
-0.0379
-0.0348
-0.0308
-0.0259
-0.0206
-0.0149
-0.0087
-0.0024
0.0039
0.0103
0.0163
0.0224
0.0282
0.0337
0.0389
0.0440
0.0486
0.0531
0.0574
0.0614
0.0655
0.0693
0.0728
0.0765
0.0798
0.0832
0.0861
0.0889
0.0913
0.0935
0.0951
0.0962
0.0966
00.0962
0.0948
0.0926
0.0889
0.0843
0.0783
0.0709
0.0623
0.0525
0.0413
0.0295
0.0168
0.0036
-0.0093
-0.0222
-0.0344
-0.0455
-0.0552
-0.0633
-0.0692
-0.0730
-0.0744
-0.0733
-0.0699
-0.0643
-0.0565
-0.0470
-0.0361
-0.0240
-0.0113
0.0018
0.0151
0.0277
0.0399
0.0512
0.0612
0.0702
0.0779
0.0842
0.0893
0.0931
0.0958
0.0974
0.0980
0.0979
0.0971
0.0956
0.0936
0.0913
0.0886
0.0856
0.0824
0.0790
0.0755
0.0719
0.0679
0.0640
0.0599
0.0554
0.0508
0.0459
0.0407
0.0354
0.0297
0.0235
0.0174
0.0109
0.0043
-0.0023
-0.0089
-0.0153
-0.0213
-0.0270
-0.0320
-0.0362
-0.0396
-0.0419
-0.0430
-0.0428
-0.0414
-0.0387
-0.0349
-0.0300
-0.0239
-0.0173
-0.0100
-0.0023
0.0054
0.0131
0.0203
0.0268
0.0328
0.0376
0.0415
0.0443
0.0459
0.0464
0.0459
0.0444
0.0419
0.0388
0.0349
0.0306
0.0257
00.0205
0.0150
0.0096
0.0039
-0.0017
-0.0073
-0.0130
-0.0184
-0.0238
-0.0292
-0.0344
-0.0396
-0.0447
-0.0495
-0.0544
-0.0592
-0.0636
-0.0678
-0.0719
-0.0754
-0.0786
-0.0812
-0.0830
-0.0842
-0.0844
-0.0835
-0.0816
-0.0784
-0.0739
-0.0682
-0.0611
-0.0527
-0.0432
-0.0326
-0.0211
-0.0092
0.0031
0.0153
0.0271
0.0382
0.0480
0.0563
0.0631
0.0677
0.0701
0.0704
0.0684
0.0642
0.0583
0.0502
0.0409
0.0304
0.0190
0.0071
-0.0049
-0.0168
-0.0284
-0.0392
-0.0493
-0.0585
-0.0665
-0.0736
-0.0796
-0.0844
-0.0885
-0.0915
-0.0936
-0.0951
-0.0958
-0.0959
-0.0957
-0.0949
-0.0938
-0.0924
-0.0908
-0.0889
-0.0868
-0.0844
-0.0818
-0.0789
-0.0756
-0.0722
-0.0683
-0.0639
-0.0593
-0.0540
-0.0482
-0.0420
-0.0352
-0.0278
-0.0203
-0.0122
-0.0040
0.0043
0.0126
0.0207
0.0281
0.0351
0.0410
0.0459
0.0497
0.0518
0.0525
0.0517
0.0491
0.0451
0.0398
0.0330
0.0253
0.0169
0.0078
-0.0014
-0.0106
-0.0195
-0.0277
-0.0352
-0.0419
-0.0472
-0.0515
-0.0547
-0.0565
-0.0573
-0.0569
-0.0555
-0.0532
-0.0502
-0.0463
-0.0420
-0.0372
-0.0320
-0.0266
-0.0209
-0.0151
-0.0094
-0.0034
0.0026
0.0085
0.0145
0.0204
0.0263
0.0320
0.0378
0.0433
0.0488
0.0540
0.0588
0.0635
0.0676
0.0711
0.0741
0.0763
0.0775
0.0779
0.0770
0.0750
0.0717
0.0670
0.0610
0.0538
0.0451
0.0355
0.0251
0.0139
0.0024
-0.0092
-0.0205
-0.0311
-0.0407
-0.0492
-0.0560
-0.0611
-0.0644
-0.0654
-0.0645
-0.0617
-0.0569
-0.0504
-0.0426
-0.0333
-0.0233
-0.0127
-0.0016
0.0095
0.0203
0.0309
0.0407
0.0500
0.0584
0.0658
0.0725
0.0782
0.0830
0.0870
0.0904
0.0930
0.0949
0.0963
0.0972
0.0977
0.0980
0.0977
0.0973
0.0966
0.0954
0.0943
0.0925
0.0904
0.0881
0.0851
0.0816
0.0777
0.0730
0.0678
0.0620
0.0552
0.0478
0.0399
0.0312
0.0220
0.0125
0.0026
-0.0071
-0.0168
-0.0261
-0.0346
-0.0422
-0.0488
-0.0539
-0.0574
-0.0594
-0.0593
-0.0576
-0.0541
-0.0487
-0.0420
-0.0339
-0.0246
-0.0148
-0.0043
0.0064
0.0167
0.0268
0.0361
0.0444
0.0518
0.0578
0.0626
0.0661
0.0683
0.0692
0.0691
0.0678
0.0655
0.0625
0.0588
0.0543
0.0495
0.0443
0.0387
0.0329
0.0269
0.0208
0.0147
0.0083
0.0021
-0.0040
-0.0103
-0.0164
-0.0225
-0.0286
-0.0344
-0.0400
-0.0455
-0.0505
-0.0552
-0.0595
-0.0630
-0.0659
-0.0679
-0.0690
-0.0689
-0.0679
-0.0654
-0.0617
-0.0567
-0.0504
-0.0430
-0.0346
-0.0250
-0.0150
-0.0045
0.0063
0.0168
0.0269
0.0363
0.0443
0.0512
0.0565
0.0599
0.0617
0.0614
0.0594
0.0557
0.0503
0.0435
0.0356
0.0267
0.0171
0.0073
-0.0029
-0.0128
-0.0225
-0.0319
-0.0406
-0.0486
-0.0561
-0.0628
-0.0686
-0.0744
-0.0784
-0.0822
-0.0855
-0.0881
-0.0903
-0.0922
-0.0934
-0.0944
-0.0950
-0.0952
-0.0952
-0.0947
-0.0939
-0.0927
-0.0911
-0.0890
-0.0863
-0.0831
-0.0790
-0.0745
-0.0691
-0.0628
-0.0558
-0.0482
-0.0396
-0.0306
-0.0208
-0.0106
-0.0003
0.0102
0.0204
0.0301
0.0391
0.0471
0.0537
0.0589
0.0624
0.0640
0.0638
0.0616
0.0571
0.0517
0.0442
0.0353
00.0256
0.0150
0.0039
-0.0072
-0.0181
-0.0286
-0.0381
-0.0469
-0.0544
-0.0608
-0.0659
-0.0696
-0.0719
-0.0732
-0.0731
-0.0719
-0.0700
-0.0670
-0.0633
-0.0591
-0.0541
-0.0489
-0.0434
-0.0375
-0.0316
-0.0254
-0.0190
-0.0127
-0.0063
0.0002
0.0067
0.0131
0.0197
0.0259
0.0322
0.0382
0.0439
0.0497
0.0544
0.0587
0.0626
0.0657
0.0677
0.0691
0.0690
0.0678
0.0654
0.0616
0.0565
0.0502
0.0425
00.0339
0.0245
0.0143
0.0038
-0.0068
-0.0173
-0.0271
-0.0361
-0.0441
-0.0507
-0.0557
-0.0591
-0.0605
-0.0602
-0.0583
-0.0545
-0.0492
-0.0428
-0.0348
-0.0263
-0.0171
-0.0073
0.0025
0.0122
0.0220
0.0312
0.0399
0.0482
0.0556
0.0625
