-0.0957
-0.0957
-0.0957
-0.0955
-0.0954
-0.0951
-0.0944
-0.0937
-0.0925
-0.0909
-0.0888
-0.0862
-0.0827
-0.0787
-0.0738
-0.0680
-0.0615
-0.0541
-0.0457
-0.0369
-0.0272
-0.0170
-0.0066
0.0041
0.0147
0.0250
0.0348
0.0438
00.0517
0.0585
0.0638
0.0675
0.0697
0.0701
0.0688
0.0660
0.0616
0.0558
0.0489
0.0407
0.0318
0.0224
0.0124
0.0022
-0.0078
-0.0179
-0.0276
-0.0370
-0.0460
-0.0544
-0.0624
-0.0700
-0.0768
-0.0833
-0.0895
-0.0951
-0.1006
-0.1059
-0.1108
-0.1156
-0.1203
-0.1250
-0.1296
-0.1343
-0.1388
-0.1434
-0.1477
-0.1520
-0.1560
-0.1597
-0.1628
-0.1656
-0.1674
-0.1683
-0.1683
-0.1667
-0.1639
-0.1594
-0.1531
-0.1449
-0.1349
-0.1228
-0.1088
-0.0930
-0.0754
-0.0564
-0.0362
-0.0153
0.0060
0.0272
0.0480
0.0675
0.0855
0.1016
0.1150
0.1258
0.1336
0.1381
0.1393
0.1374
00.1322
0.1244
0.1137
0.1007
0.0857
0.0693
0.0514
0.0328
0.0136
-0.0057
-0.0247
-0.0436
-0.0620
-0.0798
-0.0969
-0.1134
-0.1290
-0.1441
-0.1585
-0.1723
-0.1857
-0.1988
-0.2115
-0.2239
-0.2361
-0.2483
-0.2604
-0.2722
-0.2840
-0.2956
-0.3068
-0.3175
-0.3276
-0.3366
-0.3445
-0.3508
-0.3552
-0.3574
-0.3569
-0.3533
-0.3463
-0.3356
-0.3208
-0.3018
-0.2785
-0.2508
-0.2189
-0.1830
-0.1439
-0.1020
-0.0579
-0.0124
0.0335
0.0789
0.1224
0.1630
0.1998
0.2319
0.2583
0.2787
0.2925
0.2992
0.2992
0.2922
0.2789
0.2597
0.2351
0.2058
0.1728
0.1363
0.0979
0.0580
0.0170
-0.0239
-0.0644
-0.1044
-0.1433
-0.1808
-0.2172
-0.2519
-0.2853
-0.3176
-0.3484
-0.3783
-0.4074
-0.4356
-0.4632
-0.4905
-0.5173
-0.5439
-0.5700
-0.5958
-0.6211
-0.6455
-0.6689
-0.6908
-0.7106
-0.7280
-0.7422
-0.7523
-0.7577
-0.7576
-0.7511
-0.7374
-0.7161
-0.6860
-0.6473
-0.5994
-0.5423
-0.4764
-0.4022
-0.3204
-0.2321
-0.1398
-0.0442
0.0529
0.1490
0.2419
0.3291
0.4088
0.4788
0.5371
0.5829
0.6149
0.6325
0.6355
0.6241
0.5990
0.5611
0.5118
0.4521
0.3839
0.3090
0.2287
0.1446
0.0587
-0.0280
-0.1140
-0.1988
-0.2815
-0.3617
-0.4393
-0.5136
-0.5851
-0.6537
-0.7197
-0.7832
-0.8448
-0.9047
-0.9628
-1.0201
-1.0761
-1.1315
-1.1859
-1.2393
-1.2458
-1.2458
-1.2458
-1.2458
-1.2458
-1.2458
-1.2458
-1.2458
-1.2458
-1.2458
-1.2458
-1.2458
-1.2458
-1.2458
-1.2049
-1.1232
-1.0252
-0.9102
-0.7801
-0.6446
-0.5090
-0.3732
-0.2372
-0.1020
0.0339
0.1705
0.3066
0.4358
0.5548
0.6612
0.7512
0.8242
0.8779
0.9113
0.9244
0.9171
0.8901
0.8450
0.7828
0.7060
0.6165
0.5166
0.4081
0.2938
0.1752
0.0539
-0.0664
-0.1865
-0.3047
-0.4206
-0.5336
-0.6430
-0.7493
-0.8525
-0.9523
-1.0497
-1.1445
-1.2370
-1.2458
-1.2458
-1.2458
-1.2458
-1.2458
-1.2458
-1.2458
-1.2458
-1.2458
-1.2458
-1.2458
-1.2458
-1.2458
-1.2458
-1.2458
-1.2458
-1.2458
-1.2458
-1.2458
-1.2458
-1.2458
-1.2089
-1.1190
-1.0105
-0.8838
-0.7482
-0.6122
-0.4768
-0.3411
-0.2055
-0.0700
0.0663
0.2029
0.3380
0.4654
0.5819
0.6848
0.7721
0.8416
0.8922
0.9235
0.9349
0.9271
0.9010
0.8576
0.7985
0.7262
0.6418
0.5481
0.4467
0.3393
0.2281
0.1143
-0.0006
-0.1149
-0.2384
-0.3399
-0.4498
-0.5578
-0.6637
-0.7673
-0.8691
-0.9691
-1.0672
-1.1640
-1.2458
-1.2458
-1.2458
-1.2458
-1.2458
-1.2458
-1.2458
-1.2458
-1.2458
-1.2458
-1.2458
-1.2458
-1.2458
-1.2458
-1.2458
-1.2458
-1.2458
-1.2458
-1.2458
-1.2450
-1.1631
-1.0620
-0.9422
-0.8082
-0.6725
-0.5368
-0.4011
-0.2654
-0.1298
0.0060
0.1425
0.2859
0.4103
0.5322
0.6417
0.7363
0.8146
0.8744
0.9151
0.9364
0.9383
0.9216
0.8874
0.8369
0.7721
0.6949
0.6068
0.5103
0.4070
0.2990
0.1877
0.0745
-0.0393
-0.1520
-0.2643
-0.3745
-0.4829
-0.5894
-0.6941
-0.7968
-0.8973
-0.9962
-1.0936
-1.1895
-1.2458
-1.2458
-1.2458
-1.2458
-1.2458
-1.2458
-1.2458
-1.2458
-1.2458
-1.2458
-1.2458
-1.2458
-1.2458
-1.2458
-1.2458
-1.2458
-1.2458
-1.2458
-1.2458
-1.1703
-1.0714
-0.9540
-0.8208
-0.6852
-0.5496
-0.4141
-0.2781
-0.1426
-0.0070
0.1296
0.2662
0.3982
0.5212
0.6324
0.7290
0.8087
0.8709
0.9138
0.9374
0.9418
0.9271
0.8951
0.8464
0.7830
0.7072
0.6200
0.5241
0.4216
0.3134
0.2020
0.0884
-0.0257
-0.1396
-0.2515
-0.3626
-0.4717
-0.5785
-0.6835
-0.7862
-0.8872
-0.9859
-1.0829
-1.1783
-1.2458
-1.2458
-1.2458
-1.2458
-1.2458
-1.2458
-1.2458
-1.2458
-1.2458
-1.2458
-1.2458
-1.2458
-1.2458
-1.2458
-1.2458
-1.2458
-1.2458
-1.2458
-1.2458
-1.1712
-1.0734
-0.9575
-0.8252
-0.6898
-0.5541
-0.4184
-0.2829
-0.1472
-0.0114
0.1252
0.2617
00.3942
0.5173
0.6291
0.7262
0.8071
0.8703
0.9143
0.9388
0.9442
0.9306
0.8992
0.8513
0.7885
0.7124
0.6258
0.5297
0.4268
0.3183
0.2062
0.0923
-0.0227
-0.1369
-0.2500
-0.3617
-0.4714
-0.5787
-0.6839
-0.7868
-0.8874
-0.9863
-1.0826
-1.1770
-1.2458
-1.2458
-1.2458
-1.2458
-1.2458
-1.2458
-1.2458
-1.2458
-1.2458
-1.2458
-1.2458
-1.2458
-1.2458
-1.2458
-1.2458
-1.2458
-1.2458
-1.2458
-1.2458
-1.1702
-1.0735
-0.9589
-0.8276
-0.6918
-0.5562
-0.4206
-0.2851
-0.1495
-0.0137
0.1230
0.2595
0.3919
0.5155
0.6273
0.7252
0.8066
0.8703
0.9152
0.9404
0.9464
0.9335
0.9025
0.8550
0.7925
0.7166
0.6297
0.5335
0.4298
0.3211
0.2082
0.0932
-0.0223
-0.1371
-0.2512
-0.3634
-0.4735
-0.5814
-0.6867
-0.7897
-0.8902
-0.9884
-1.0844
-1.1780
-1.2458
-1.2458
-1.2458
-1.2458
-1.2458
-1.2458
-1.2458
-1.2458
-1.2458
-1.2458
-1.2458
-1.2458
-1.2458
-1.2458
-1.2458
-1.2458
-1.2458
-1.2458
-1.2458
-1.1685
-1.0727
-0.9589
-0.8287
-0.6929
-0.5574
-0.4218
-0.2861
-0.1501
-0.0146
0.1219
0.2583
0.3909
0.5147
0.6268
0.7249
0.8069
0.8709
0.9164
0.9422
0.9485
0.9361
0.9056
00.8582
0.7957
0.7200
0.6327
0.5358
0.4320
0.3225
0.2092
0.0935
-0.0231
-0.1387
-0.2535
-0.3663
-0.4769
-0.5852
-0.6909
-0.7937
-0.8942
-0.9919
-1.0873
-1.1802
-1.2458
-1.2458
-1.2458
-1.2458
-1.2458
-1.2458
-1.2458
-1.2458
-1.2458
-1.2458
-1.2458
-1.2458
-1.2458
-1.2458
-1.2458
-1.2458
-1.2458
-1.2458
-1.2437
-1.1661
-1.0707
-0.9578
-0.8285
-0.6930
-0.5568
-0.4218
-0.2860
-0.1504
-0.0148
0.1219
0.2584
0.3909
0.5149
0.6272
0.7253
0.8076
0.8721
0.9178
0.9440
0.9509
0.9385
0.9083
0.8609
0.7983
0.7221
0.6350
0.5379
0.4334
0.3230
0.2090
0.0925
-0.0248
-0.1413
-0.2567
-0.3701
-0.4813
-0.5899
-0.6959
-0.7990
-0.8989
-0.9964
-1.0909
-1.1829
-1.2458
-1.2458
-1.2458
-1.2458
-1.2458
-1.2458
-1.2458
-1.2458
-1.2458
-1.2458
-1.2458
-1.2458
-1.2458
-1.2458
-1.2458
-1.2458
-1.2458
-1.2458
-1.2401
-1.1626
-1.0677
-0.9554
-0.8272
-0.6917
-0.5561
-0.4203
-0.2847
-0.1488
-0.0131
0.1230
0.2598
0.3921
0.5158
0.6284
0.7268
0.8090
0.8739
0.9198
0.9460
0.9532
0.9408
0.9106
0.8633
0.8005
0.7243
0.6365
0.5387
0.4336
0.3227
0.2075
0.0904
-0.0278
-0.1450
-0.2609
-0.3750
-0.4870
-0.5957
-0.7020
-0.8048
-0.9046
-1.0017
-1.0957
-1.1867
-1.2458
-1.2458
-1.2458
-1.2458
-1.2458
-1.2458
-1.2458
-1.2458
-1.2458
-1.2458
-1.2458
-1.2458
-1.2458
-1.2458
-1.2458
-1.2458
-1.2458
-1.2458
-1.2356
-1.1468
-1.0636
-0.9522
-0.8248
-0.6892
-0.5534
-0.4177
-0.2822
-0.1467
-0.0106
0.1255
0.2622
0.3946
0.5182
0.6304
0.7289
0.8111
0.8759
0.9219
0.9482
0.9552
0.9430
0.9125
0.8651
0.8021
0.7253
0.6369
0.5387
0.4328
0.3211
0.2053
0.0871
-0.0316
-0.1496
-0.2666
-0.3812
-0.4934
-0.6026
-0.7088
-0.8118
-0.9112
-1.0163
-1.1009
-1.1910
-1.2458
-1.2458
-1.2458
-1.2458
-1.2458
-1.2458
-1.2458
-1.2458
-1.2458
-1.2458
-1.2458
-1.2458
-1.2458
-1.2458
-1.2458
-1.2458
-1.2458
-1.2458
-1.2305
-1.1525
-1.0577
-0.9473
-0.8207
-0.6852
-0.5496
-0.4139
-0.2779
-0.1425
-0.0067
0.1297
0.2661
0.3983
0.5218
00.6338
0.7319
0.8141
0.8785
0.9245
0.9513
0.9574
0.9449
0.9141
0.8662
0.8028
0.7252
0.6364
0.5376
0.4307
0.3181
0.2016
0.0823
-0.0372
-0.1560
-0.2736
-0.3887
-0.5013
-0.6109
-0.7170
-0.8200
-0.9191
-1.0148
-1.1073
-1.1964
-1.2458
-1.2458
-1.2458
-1.2458
-1.2458
-1.2458
-1.2458
-1.2458
-1.2458
-1.2458
-1.2458
-1.2458
-1.2458
-1.2458
-1.2458
-1.2458
-1.2458
-1.2458
-1.2240
-1.1461
-1.0513
-0.9407
-0.8150
-0.6795
-0.5437
-0.4081
-0.2724
-0.1370
-0.0012
0.1353
0.2722
0.4035
0.5268
0.6388
0.7362
0.8180
0.8821
0.9273
0.9533
0.9595
0.9466
0.9154
0.8667
0.8026
0.7247
0.6347
0.5349
0.4268
0.3137
0.1961
0.0762
-0.0442
-0.1637
-0.2821
