-0.0957
-0.0956
-0.0957
-0.0955
-0.0954
-0.0953
-0.0949
-0.0943
-0.0937
-0.0927
-0.0914
-0.0898
-0.0877
-0.0851
-0.0821
-0.0784
-0.0742
-0.0695
-0.0639
-0.0579
-0.0512
-0.0438
-0.0361
-0.0279
-0.0193
-0.0105
-0.0015
0.0077
0.0166
0.0254
0.0338
0.0417
0.0491
0.0558
0.0615
0.0666
0.0706
0.0737
0.0758
0.0770
0.0772
0.0766
0.0750
00.0727
0.0698
0.0661
0.0619
0.0574
0.0522
0.0468
0.0412
0.0353
0.0293
0.0234
0.0171
0.0109
0.0047
-0.0015
-0.0076
-0.0137
-0.0200
-0.0260
-0.0322
-0.0384
-0.0445
-0.0506
-0.0567
-0.0627
-0.0686
-0.0746
-0.0802
-0.0859
-0.0912
-0.0962
-0.1009
-0.1051
-0.1086
-0.1118
-0.1140
-0.1153
-0.1159
-0.1152
-0.1136
-0.1108
-0.1068
-0.1015
-0.0951
-0.0874
-0.0787
-0.0689
-0.0580
-0.0463
-0.0341
-0.0213
-0.0081
0.0051
0.0186
0.0315
0.0441
0.0562
0.0675
0.0777
0.0872
0.0954
0.1026
0.1088
0.1136
0.1175
00.1203
0.1219
0.1227
0.1227
0.1217
0.1202
0.1180
0.1152
0.1122
0.1087
0.1049
0.1010
0.0969
0.0925
0.0882
0.0838
0.0794
0.0750
0.0705
0.0659
0.0616
0.0570
0.0524
0.0479
0.0431
0.0384
0.0337
0.0287
0.0238
0.0188
0.0135
00.0084
0.0031
-0.0022
-0.0073
-0.0125
-0.0175
-0.0223
-0.0269
-0.0314
-0.0352
-0.0388
-0.0419
-0.0444
-0.0463
-0.0476
-0.0482
-0.0481
-0.0474
-0.0459
-0.0438
-0.0410
-0.0376
-0.0338
-0.0294
-0.0245
-0.0195
-0.0141
-0.0084
-0.0029
0.0030
0.0087
0.0143
0.0199
0.0252
0.0303
0.0355
0.0401
0.0446
0.0489
0.0529
0.0567
0.0605
0.0639
0.0673
0.0706
0.0736
0.0767
0.0798
0.0827
0.0856
0.0886
0.0913
0.0943
0.0971
0.0997
0.1024
0.1049
0.1072
0.1093
0.1112
0.1126
0.1137
0.1142
0.1142
0.1135
0.1122
0.1100
0.1070
0.1031
0.0982
0.0926
0.0858
0.0781
0.0696
0.0601
0.0499
0.0392
0.0278
0.0161
0.0042
-0.0078
-0.0194
-0.0309
-0.0420
-0.0524
-0.0620
-0.0710
-0.0787
-0.0856
-0.0914
-0.0958
-0.0993
-0.1016
-0.1028
-0.1030
-0.1023
-0.1004
-0.0980
-0.0947
-0.0908
-0.0864
-0.0815
-0.0762
-0.0706
-0.0647
-0.0586
-0.0525
-0.0461
-0.0397
-0.0333
-0.0267
-0.0202
-0.0138
-0.0072
-0.0006
0.0059
0.0126
0.0191
0.0256
0.0322
0.0387
0.0451
0.0515
0.0575
00.0635
0.0692
0.0745
0.0793
0.0839
0.0877
0.0908
0.0934
0.0948
0.0957
0.0954
0.0941
0.0918
0.0884
0.0838
0.0783
0.0716
0.0640
0.0556
0.0463
0.0364
0.0261
0.0154
0.0043
-0.0066
-0.0175
-0.0281
-0.0383
-0.0481
-0.0572
-0.0656
-0.0734
-0.0804
-0.0863
-0.0917
-0.0961
-0.0997
-0.1027
-0.1048
-0.1063
-0.1074
-0.1077
-0.1077
-0.1073
-0.1065
-0.1055
-0.1042
-0.1027
-0.1011
-0.0994
-0.0975
-0.0957
-0.0936
-0.0917
-0.0896
-0.0875
-0.0852
-0.0829
-0.0805
-0.0778
-0.0752
-0.0722
-0.0689
-0.0655
-0.0617
-0.0577
-0.0535
-0.0486
-0.0436
-0.0383
-0.0325
-0.0266
-0.0203
-0.0138
-0.0072
-0.0005
0.0064
0.0130
0.0195
0.0259
0.0318
0.0373
0.0425
0.0469
0.0507
0.0538
0.0561
0.0578
0.0586
0.0586
0.0579
0.0564
0.0542
0.0515
0.0482
0.0441
0.0399
0.0352
0.0301
0.0249
0.0195
0.0139
00.0083
0.0025
-0.0032
-0.0089
-0.0145
-0.0201
-0.0256
-0.0311
-0.0365
-0.0417
-0.0471
-0.0522
-0.0574
-0.0627
-0.0677
-0.0727
-0.0777
-0.0825
-0.0874
-0.0921
-0.0965
-0.1009
-0.1049
-0.1086
-0.1119
-0.1147
-0.1169
-0.1186
-0.1195
-0.1196
-0.1188
-0.1170
-0.1142
-0.1104
-0.1055
-0.0993
-0.0922
-0.0839
-0.0746
-0.0645
-0.0533
-0.0415
-0.0292
-0.0163
-0.0033
0.0097
0.0230
0.0356
0.0479
0.0595
0.0704
0.0803
0.0892
0.0970
0.1037
0.1093
0.1135
0.1167
0.1188
0.1197
0.1197
0.1188
0.1169
0.1144
0.1113
0.1074
0.1031
0.0985
0.0935
0.0882
0.0827
0.0770
0.0713
0.0654
0.0593
0.0534
0.0473
0.0411
0.0352
0.0288
0.0227
0.0167
0.0103
0.0041
-0.0021
-0.0084
-0.0145
-0.0206
-0.0267
-0.0325
-0.0381
-0.0437
-0.0488
-0.0536
-0.0580
-0.0619
-0.0651
-0.0679
-0.0698
-0.0709
-0.0713
-0.0707
-0.0693
-0.0671
-0.0639
-0.0598
-0.0550
-0.0493
-0.0431
-0.0361
-0.0286
-0.0208
-0.0127
-0.0043
0.0041
0.0125
0.0208
0.0287
0.0365
0.0439
0.0507
0.0570
0.0630
0.0682
0.0732
0.0774
0.0811
0.0845
0.0874
0.0897
0.0918
0.0936
0.0950
0.0963
0.0972
0.0982
0.0988
0.0993
0.0997
0.1002
0.1003
0.1006
0.1007
0.1006
0.1005
0.1002
0.0997
0.0991
0.0982
0.0968
0.0954
0.0935
0.0910
0.0882
0.0849
0.0809
0.0766
0.0715
0.0657
0.0597
0.0528
0.0455
0.0377
0.0294
0.0209
0.0121
0.0031
-0.0058
-0.0146
-0.0234
-0.0316
-0.0395
-0.0468
-0.0535
-0.0593
-0.0646
-0.0688
-0.0721
-0.0746
-0.0760
-0.0766
-0.0763
-0.0752
-0.0733
-0.0706
-0.0672
-0.0634
-0.0589
-0.0540
-0.0489
-0.0433
-0.0375
-0.0316
-0.0254
-0.0192
-0.0130
-0.0066
-0.0003
0.0061
0.0124
0.0188
0.0252
0.0315
0.0378
00.0440
0.0504
0.0564
0.0624
0.0685
0.0743
0.0801
0.0857
0.0909
0.0958
0.1005
0.1045
0.1081
0.1112
0.1133
0.1149
0.1155
0.1151
0.1139
0.1114
0.1078
0.1032
0.0974
0.0904
0.0825
0.0734
0.0634
0.0527
0.0412
0.0292
0.0167
00.0041
-0.0086
-0.0210
-0.0333
-0.0450
-0.0560
-0.0666
-0.0762
-0.0849
-0.0927
-0.0993
-0.1049
-0.1097
-0.1132
-0.1158
-0.1174
-0.1181
-0.1181
-0.1173
-0.1158
-0.1138
-0.1113
-0.1080
-0.1049
-0.1012
-0.0973
-0.0931
-0.0888
-0.0842
-0.0797
-0.0749
-0.0701
-0.0654
-0.0604
-0.0553
-0.0502
-0.0451
-0.0397
-0.0344
-0.0289
-0.0233
-0.0177
-0.0119
-0.0061
-0.0005
0.0056
0.0113
0.0170
0.0228
0.0282
0.0335
0.0384
0.0430
0.0471
0.0507
0.0538
0.0560
0.0579
0.0588
0.0591
0.0587
0.0573
0.0552
0.0523
0.0489
0.0448
0.0401
0.0348
0.0291
0.0230
0.0166
0.0101
00.0034
-0.0033
-0.0098
-0.0163
-0.0227
-0.0288
-0.0347
-0.0404
-0.0456
-0.0507
-0.0555
-0.0599
-0.0641
-0.0681
-0.0717
-0.0752
-0.0784
-0.0814
-0.0844
-0.0871
-0.0897
-0.0923
-0.0946
-0.0968
-0.0991
-0.1009
-0.1027
-0.1046
-0.1060
-0.1072
-0.1082
-0.1088
-0.1090
-0.1088
-0.1081
-0.1069
-0.1051
-0.1025
-0.0995
-0.0955
-0.0908
-0.0853
-0.0790
-0.0719
-0.0641
-0.0556
-0.0462
-0.0367
-0.0265
-0.0159
-0.0053
0.0056
0.0165
0.0270
0.0373
0.0470
0.0562
0.0647
0.0723
0.0788
0.0846
0.0891
0.0927
0.0953
0.0967
0.0972
0.0966
0.0952
0.0929
0.0899
0.0861
0.0818
0.0770
0.0716
0.0659
0.0600
0.0536
0.0473
0.0407
00.0338
0.0271
0.0202
0.0133
0.0065
-0.0005
-0.0074
-0.0141
-0.0211
-0.0278
-0.0345
-0.0413
-0.0478
-0.0543
-0.0607
-0.0668
-0.0727
-0.0784
-0.0836
-0.0885
-0.0930
-0.0967
-0.0998
-0.1023
-0.1039
-0.1046
-0.1044
-0.1030
-0.1008
-0.0974
-0.0928
-0.0873
-0.0808
-0.0730
-0.0644
-0.0551
-0.0449
-0.0341
-0.0228
-0.0113
0.0004
0.0122
0.0239
0.0352
0.0461
0.0565
0.0662
0.0752
0.0833
0.0905
0.0969
0.1024
0.1068
0.1106
0.1132
0.1152
0.1165
0.1169
0.1167
0.1161
0.1149
0.1132
0.1113
0.1088
0.1062
0.1034
0.1002
0.0970
0.0936
0.0900
0.0863
0.0826
0.0787
0.0747
0.0706
0.0663
0.0619
0.0574
0.0525
0.0477
0.0426
0.0372
0.0319
0.0262
0.0204
0.0147
0.0085
0.0025
-0.0034
-0.0095
-0.0154
-0.0211
-0.0267
-0.0317
-0.0365
-0.0410
-0.0448
-0.0481
-0.0508
-0.0527
-0.0541
-0.0547
-0.0546
-0.0536
-0.0521
-0.0497
-0.0468
-0.0433
-0.0392
-0.0346
-0.0297
-0.0243
-0.0188
-0.0130
-0.0070
-0.0012
0.0049
0.0110
0.0168
0.0227
0.0284
0.0339
0.0393
0.0445
0.0494
0.0544
0.0591
0.0635
0.0680
0.0723
0.0762
0.0803
0.0843
0.0879
0.0916
0.0950
0.0983
0.1015
0.1045
0.1071
0.1097
0.1117
0.1134
0.1149
0.1156
0.1159
0.1157
0.1145
0.1129
0.1103
0.1069
0.1028
0.0976
0.0916
0.0847
0.0768
0.0681
0.0589
0.0487
0.0381
0.0270
0.0155
0.0038
-0.0078
-0.0193
-0.0306
-0.0413
-0.0517
-0.0613
-0.0700
-0.0781
-0.0850
-0.0909
-0.0959
-0.0996
-0.1023
-0.1042
-0.1047
-0.1045
-0.1033
-0.1012
-0.0985
-0.0951
-0.0909
-0.0864
-0.0814
-0.0759
-0.0702
-0.0641
-0.0579
-0.0515
-0.0450
-0.0382
-0.0316
-0.0248
-0.0179
-0.0111
-0.0042
0.0028
0.0097
0.0166
0.0236
0.0303
0.0373
0.0438
0.0504
0.0568
0.0629
0.0686
0.0742
0.0792
0.0837
0.0877
0.0910
0.0936
0.0954
0.0962
0.0962
0.0953
0.0932
0.0902
0.0862
0.0810
0.0749
0.0680
0.0600
0.0514
0.0422
00.0322
0.0220
0.0114
0.0007
-0.0098
-0.0203
-0.0306
-0.0405
-0.0499
-0.0588
-0.0668
-0.0744
-0.0812
-0.0872
-0.0925
-0.0970
-0.1007
-0.1038
-0.1063
-0.1080
-0.1092
